-5.063897333333333695e-01 1.071692566666666568e+00
-5.224076333333332878e-01 1.074268366666666585e+00
-5.367902333333333109e-01 1.067287666666666635e+00
-5.613242333333333667e-01 1.064064766666666717e+00
-5.756759333333333339e-01 1.065546166666666794e+00
-5.936780333333333548e-01 1.069294066666666820e+00
-6.026528333333334153e-01 1.062809866666666547e+00
-6.248750333333333851e-01 1.065817366666666821e+00
-6.419165333333333168e-01 1.061092366666666731e+00
-6.566852333333332847e-01 1.054675666666666789e+00
-6.758519333333333767e-01 1.062874966666666587e+00
-7.000832333333332214e-01 1.063157266666666656e+00
-7.151945333333333821e-01 1.059518566666666661e+00
-7.312499333333334350e-01 1.059504466666666644e+00
-7.467455333333333778e-01 1.053134266666666763e+00
-7.592963333333333509e-01 1.053722266666666796e+00
-7.769444333333334063e-01 1.051629466666666790e+00
-8.028356333333334094e-01 1.046816866666666623e+00
-8.265278333333333505e-01 1.036777966666666551e+00
-8.381387333333333300e-01 1.026268366666666765e+00
-8.539352333333333211e-01 1.023944266666666714e+00
-8.741342333333332881e-01 1.016754466666666579e+00
-8.805464333333332672e-01 1.010119966666666702e+00
-8.993240333333333281e-01 1.002444166666666581e+00
-9.160463333333334068e-01 1.003606366666666583e+00
-9.274445333333333208e-01 1.005527866666666714e+00
-9.310184333333333395e-01 1.009851766666666650e+00
-9.470186333333333595e-01 1.006499866666666687e+00
-9.689999333333332299e-01 1.007671066666666615e+00
-9.898613333333333708e-01 1.006962766666666731e+00
-1.011500033333333270e+00 1.027666366666666553e+00
-1.019861333333333286e+00 1.027397866666666770e+00
-1.040388833333333318e+00 1.003101466666666663e+00
-1.054657433333333394e+00 9.772774666666665944e-01
-1.073184833333333366e+00 9.603295666666668007e-01
-1.103784833333333326e+00 9.474349666666666003e-01
-1.117944533333333323e+00 9.416848666666666201e-01
-1.137851933333333454e+00 9.221572666666666418e-01
-1.148481533333333582e+00 8.981110666666667353e-01
-1.160092733333333292e+00 8.775394666666667121e-01
-1.161250133333333157e+00 8.585185666666667048e-01
-1.158990833333333415e+00 8.302129666666666630e-01
-1.174273433333333339e+00 8.105971666666665909e-01
-1.185018533333333401e+00 8.002036666666666465e-01
-1.210111133333333422e+00 7.841572666666666303e-01
-1.256824133333333204e+00 7.661851666666666949e-01
-1.268926133333333484e+00 7.579537666666666951e-01
-1.279057733333333280e+00 7.412431666666666752e-01
-1.284949133333333382e+00 7.254721666666665847e-01
-1.307356733333333354e+00 7.122037666666666267e-01
-1.315976933333333543e+00 7.032913666666666952e-01
-1.320967433333333441e+00 6.924580666666666495e-01
-1.327777733333333376e+00 6.690649666666667050e-01
-1.341518633333333321e+00 6.470833666666666595e-01
-1.358675933333333363e+00 6.286018666666667309e-01
-1.367087933333333227e+00 6.130879666666666505e-01
-1.373361233333333375e+00 5.977405666666667505e-01
-1.380803333333333160e+00 5.840089666666666846e-01
-1.397208533333333502e+00 5.648473666666666837e-01
-1.400981633333333365e+00 5.428333666666667057e-01
-1.399592633333333502e+00 5.355184666666665816e-01
-1.384263833333333249e+00 5.244535666666666485e-01
-1.374777833333333366e+00 4.962406666666666633e-01
-1.380875033333333279e+00 4.825972666666666355e-01
-1.382102033333333146e+00 4.751800666666666784e-01
-1.372379633333333571e+00 4.623607666666667004e-01
-1.368379733333333403e+00 4.411852666666666867e-01
-1.371166733333333276e+00 4.119028666666666449e-01
-1.382254733333333263e+00 3.870463666666666969e-01
-1.384256033333333358e+00 3.686749666666666037e-01
-1.391407433333333277e+00 3.486571666666666292e-01
-1.407786833333333210e+00 3.289813666666666636e-01
-1.413029033333333517e+00 3.246658666666666915e-01
-1.401212933333333410e+00 3.147220666666666888e-01
-1.388690033333333407e+00 2.999998666666666702e-01
-1.393904033333333237e+00 2.790214666666666621e-01
-1.393226933333333362e+00 2.609167666666666885e-01
-1.392888833333333354e+00 2.503702666666666743e-01
-1.383176033333333388e+00 2.394859666666666331e-01
-1.377754433333333361e+00 2.384350666666666951e-01
-1.364694533333333348e+00 2.317174666666666494e-01
-1.358984033333333175e+00 2.327755666666666556e-01
-1.355064833333333274e+00 2.268658666666666379e-01
-1.325972033333333355e+00 1.982221666666666438e-01
-1.320398033333333387e+00 1.913425666666666858e-01
-1.317860933333333318e+00 1.835557666666666476e-01
-1.294078733333333231e+00 1.616482666666666790e-01
-1.291578833333333343e+00 1.586965666666666774e-01
-1.289316833333333356e+00 1.513822666666666816e-01
-1.275657533333333316e+00 1.379905666666666475e-01
-1.274576333333333311e+00 1.273123666666666765e-01
-1.271648033333333094e+00 1.146607666666666775e-01
-1.266027833333333241e+00 1.077868666666666614e-01
-1.256407133333333315e+00 9.004636666666666900e-02
-1.248055433333333353e+00 7.891666666666666274e-02
-1.217750033333333315e+00 6.470356666666665646e-02
-1.196537033333333166e+00 4.990726666666667199e-02
-1.188546233333333424e+00 4.075006666666668165e-02
-1.175546333333333360e+00 3.567586666666665990e-02
-1.147787033333333317e+00 9.509266666666663440e-03
-1.124157533333333570e+00 -5.620333333333338288e-03
-1.096231433333333394e+00 -1.748143333333332730e-02
-1.081213133333333243e+00 -2.169463333333334493e-02
-1.063606433333333268e+00 -1.142833333333334415e-02
-1.046879633333333448e+00 -5.879833333333343674e-03
-1.027370333333333274e+00 1.296466666666666124e-03
-1.003324733333333274e+00 5.484766666666670079e-03
-9.913889333333333331e-01 7.490566666666668635e-03
-9.579584333333333035e-01 9.201466666666657801e-03
-9.367682333333333666e-01 2.833966666666665277e-03
-9.145277333333333702e-01 -2.268433333333330811e-03
-8.912129333333334014e-01 -2.879833333333347949e-03
-8.726387333333334162e-01 4.148266666666670065e-03
-8.564720333333333269e-01 1.017106666666667963e-02
-8.356388333333334417e-01 1.926856666666667411e-02
-8.112086333333332622e-01 2.533096666666665581e-02
-8.002544333333332371e-01 2.749546666666665903e-02
-7.902014333333333695e-01 3.795106666666665796e-02
-7.670882333333334246e-01 4.273696666666667449e-02
-7.452314333333334151e-01 4.520356666666665996e-02
-7.226945333333333332e-01 4.618516666666667297e-02
-7.154999333333333933e-01 4.708336666666666087e-02
-6.875693333333333657e-01 4.562026666666666591e-02
-6.683798333333332842e-01 3.081496666666666898e-02
-6.539999333333332832e-01 1.883326666666667107e-02
-6.498818333333333808e-01 1.455556666666666353e-02
-6.517895333333333374e-01 5.523166666666678819e-03
-6.500834333333334047e-01 -6.472033333333341264e-03
-6.296087333333333369e-01 -2.423863333333334605e-02
-6.198332333333332889e-01 -2.292613333333332407e-02
-6.088562333333332743e-01 -1.495363333333334273e-02
-5.975231333333332895e-01 -8.231533333333344513e-03
-5.816531333333333498e-01 -9.781633333333327601e-03
-5.627222333333333770e-01 -1.498153333333333316e-02
-5.552408333333332946e-01 -6.463033333333327059e-03
-5.469422333333333608e-01 -6.302233333333321849e-03
-5.367131333333332588e-01 -1.372213333333333410e-02
-5.338892333333333795e-01 -2.768503333333332747e-02
-5.200739333333334047e-01 -3.666673333333333312e-02
-5.124293333333332923e-01 -4.675903333333333162e-02
-5.040554333333333581e-01 -5.658343333333334252e-02
-5.030045333333332813e-01 -6.719923333333333026e-02
-5.075789333333333708e-01 -8.935423333333332441e-02
-5.121203333333332886e-01 -1.137406333333333269e-01
-5.150996333333333066e-01 -1.292893333333333394e-01
-5.216804333333333599e-01 -1.666666333333333416e-01
-5.229815333333333038e-01 -1.766203333333333236e-01
-5.304236333333333109e-01 -1.893055333333333590e-01
-5.404535333333332359e-01 -1.937962333333333453e-01
-5.338172333333333075e-01 -2.081017333333333441e-01
-5.248841333333333914e-01 -2.240647333333333491e-01
-5.171576333333333109e-01 -2.372221333333333348e-01
-5.092193333333333571e-01 -2.479834333333333363e-01
-5.086946333333333126e-01 -2.497174333333333218e-01
-4.854908333333333159e-01 -2.701387333333333252e-01
-4.679909333333333588e-01 -2.891761333333333073e-01
-4.552268333333333583e-01 -3.030973333333333297e-01
-4.402220333333333735e-01 -3.190603333333333347e-01
-4.318241333333333598e-01 -3.362962333333333054e-01
-4.279307333333333685e-01 -3.527131333333333174e-01
-4.219724333333332855e-01 -3.740926333333333131e-01
-4.055648333333333189e-01 -4.006480333333333754e-01
-3.961298333333333477e-01 -4.273888333333333289e-01
-3.873587333333333160e-01 -4.486252333333333175e-01
-3.936575333333333093e-01 -4.620535333333333217e-01
-3.965330333333333401e-01 -4.635670333333333781e-01
-3.925928333333333353e-01 -4.882825333333333240e-01
-3.829535333333333735e-01 -5.094028333333333602e-01
-3.758498333333333274e-01 -5.255164333333333104e-01
-3.737849333333332913e-01 -5.571922333333333421e-01
-3.838055333333333374e-01 -5.801851333333334360e-01
-4.010000333333333389e-01 -5.928148333333332909e-01
-4.158980333333333612e-01 -6.184306333333332573e-01
-4.219466333333333208e-01 -6.420001333333333893e-01
-4.264910333333333248e-01 -6.625927333333333502e-01
-4.369721333333333457e-01 -6.918379333333334325e-01
-4.396574333333333473e-01 -7.000093333333333723e-01
-4.393427333333333462e-01 -7.157221333333333435e-01
-4.416761333333333317e-01 -7.436392333333332605e-01
-4.410788333333333089e-01 -7.662730333333332977e-01
-4.291481333333333481e-01 -7.859260333333334403e-01
-4.179722333333333872e-01 -7.976017333333333958e-01
-4.024076333333333477e-01 -8.263102333333333105e-01
-3.953243333333333331e-01 -8.377036333333333085e-01
-3.906965333333333179e-01 -8.506690333333334353e-01
-3.766298333333333304e-01 -8.765368333333333206e-01
-3.652499333333333320e-01 -8.954074333333333913e-01
-3.490277333333333121e-01 -9.240001333333333067e-01
-3.522962333333333196e-01 -9.366481333333332993e-01
-3.519584333333333204e-01 -9.464305333333332682e-01
-3.509075333333333546e-01 -9.717778333333332297e-01
-3.445094333333333370e-01 -9.880741333333332710e-01
-3.380741333333333598e-01 -1.002907633333333326e+00
-3.388562333333333121e-01 -1.024731433333333275e+00
-3.346946333333333246e-01 -1.043601733333333392e+00
-3.287729333333332948e-01 -1.055821933333333407e+00
-3.260462333333333240e-01 -1.064555833333333368e+00
-3.159350333333333372e-01 -1.089393733333333447e+00
-3.087962333333333365e-01 -1.100370433333333287e+00
-2.881850333333333958e-01 -1.118759533333333334e+00
-2.727224333333333472e-01 -1.136479033333333222e+00
-2.606297333333333910e-01 -1.169018533333333165e+00
-2.424725333333333510e-01 -1.203018433333333359e+00
-2.273981333333332799e-01 -1.222351933333333251e+00
-2.222084333333333717e-01 -1.249592833333333486e+00
-2.377499333333332743e-01 -1.260398533333333404e+00
-2.279816333333332667e-01 -1.278037333333333248e+00
-2.229815333333333427e-01 -1.301185033333333241e+00
-2.162408333333332988e-01 -1.302918433333333237e+00
-2.063798333333333457e-01 -1.310287333333333359e+00
-1.917455333333332734e-01 -1.313722333333333436e+00
-1.819352333333333349e-01 -1.323620533333333293e+00
-1.669445333333333392e-01 -1.327361233333333335e+00
-1.512410333333332746e-01 -1.316027833333333286e+00
-1.371017333333333366e-01 -1.312389133333333291e+00
-1.232873333333332766e-01 -1.314426133333333357e+00
-1.065833333333333910e-01 -1.312768633333333490e+00
-9.329633333333334222e-02 -1.302574333333333279e+00
-6.801863333333327266e-02 -1.303046233333333248e+00
-4.533113333333330108e-02 -1.299499333333333340e+00
-1.150013333333331327e-02 -1.305657433333333284e+00
5.472066666666701266e-03 -1.298629633333333366e+00
2.339826666666671925e-02 -1.301065033333333343e+00
2.767566666666662276e-02 -1.291046233333333237e+00
4.259736666666664312e-02 -1.292171533333333455e+00
7.354626666666667922e-02 -1.281963133333333449e+00
1.035183666666666114e-01 -1.262143633333333348e+00
1.311387666666667118e-01 -1.240648633333333306e+00
1.543149666666666919e-01 -1.219379833333333440e+00
1.674630666666666601e-01 -1.209370333333333214e+00
1.903332666666666395e-01 -1.178824333333333474e+00
1.982220666666666686e-01 -1.166657533333333108e+00
2.120184666666666828e-01 -1.145083333333333231e+00
2.298888666666666636e-01 -1.130805433333333276e+00
2.477406666666666923e-01 -1.112601733333333121e+00
2.529372666666667158e-01 -1.096372633333333457e+00
2.613888666666665528e-01 -1.070333233333333300e+00
2.645649666666666233e-01 -1.039963033333333398e+00
2.574351666666667149e-01 -1.039314733333333463e+00
2.579535666666667448e-01 -1.025851933333333355e+00
2.745969666666667197e-01 -1.010912233333333354e+00
3.160869666666665245e-01 -9.952018333333333411e-01
3.372777666666666452e-01 -9.862870333333333406e-01
3.498519666666666805e-01 -9.700738333333334129e-01
3.458772666666665718e-01 -9.619330333333332428e-01
3.489537666666666094e-01 -9.447040333333334150e-01
3.532422666666666378e-01 -9.306556333333333431e-01
3.465738666666666745e-01 -9.153334333333333905e-01
3.433608666666667086e-01 -8.961202333333333492e-01
3.359721666666667939e-01 -8.774725333333334154e-01
3.327867666666667334e-01 -8.574445333333333696e-01
3.253239666666665753e-01 -8.312035333333332998e-01
3.270900666666667345e-01 -8.259466333333332910e-01
3.552036666666665843e-01 -8.050834333333333204e-01
3.707544666666666155e-01 -7.946992333333332548e-01
3.924537666666665925e-01 -7.767175333333332654e-01
3.969396666666665796e-01 -7.636435333333333464e-01
4.203054666666666828e-01 -7.508611333333333748e-01
4.399371666666667124e-01 -7.423195333333333368e-01
4.708332666666665833e-01 -7.312594333333333196e-01
4.939167666666667289e-01 -7.137595333333333070e-01
5.044671666666665777e-01 -6.999211333333332785e-01
5.181108666666667251e-01 -6.844723333333333493e-01
5.179443666666666557e-01 -6.731389333333333003e-01
5.277405666666666884e-01 -6.593704333333332279e-01
5.212035666666667844e-01 -6.494908333333332395e-01
5.199537666666667057e-01 -6.415279333333333556e-01
5.200923666666665834e-01 -6.298936333333332582e-01
5.179815666666667262e-01 -6.104074333333333602e-01
5.138610666666667548e-01 -5.978473333333333972e-01
5.169999666666666993e-01 -5.811343333333333083e-01
5.139072666666666400e-01 -5.427130333333333168e-01
5.191758666666667077e-01 -5.292964333333333160e-01
5.149257666666665623e-01 -5.157037333333333029e-01
5.037870666666667274e-01 -5.055928333333333802e-01
4.963239666666666716e-01 -5.007220333333333162e-01
4.883238666666666061e-01 -4.785208333333333397e-01
4.784721666666667539e-01 -4.555555333333333179e-01
4.774071666666666602e-01 -4.245649333333333386e-01
4.827867666666667557e-01 -4.055647333333333160e-01
4.768329666666666355e-01 -3.938797333333333706e-01
4.617222666666665476e-01 -3.783703333333333640e-01
4.655553666666667478e-01 -3.515554333333332782e-01
4.720947666666667208e-01 -3.311182333333333450e-01
4.841850666666666081e-01 -3.139261333333333570e-01
4.956852666666667351e-01 -2.880649333333333284e-01
5.052591666666667036e-01 -2.693611333333333357e-01
5.127405666666665640e-01 -2.522962333333333418e-01
5.261433666666666120e-01 -2.443471333333333273e-01
5.314998666666668203e-01 -2.404165333333333210e-01
5.479257666666667026e-01 -2.269165333333333368e-01
5.639073666666666318e-01 -2.042593333333333205e-01
5.819721666666666238e-01 -1.818982333333333257e-01
6.045090666666667056e-01 -1.576852333333333411e-01
6.279906666666666970e-01 -1.347316333333333227e-01
6.534906666666666641e-01 -1.135648333333333232e-01
6.747267666666665331e-01 -1.008562333333333366e-01
7.008519666666667147e-01 -8.542603333333334548e-02
7.338978666666666761e-01 -5.190733333333333310e-02
7.515648666666666644e-01 -3.291673333333333673e-02
7.703514666666665400e-01 -8.990833333333340255e-03
7.863792666666665765e-01 1.393516666666666168e-02
8.025369666666667401e-01 4.478686666666667482e-02
8.196666666666667656e-01 7.723156666666666781e-02
8.268795666666667321e-01 9.609256666666667057e-02
8.369676666666665543e-01 1.061896666666666406e-01
8.436897666666667295e-01 1.171666666666666828e-01
8.548656666666666348e-01 1.363843666666666732e-01
8.612844666666668036e-01 1.479289666666666336e-01
8.637036666666666473e-01 1.777777666666666423e-01
8.695923666666665053e-01 1.825879666666666568e-01
8.704119666666666477e-01 2.054767666666666714e-01
8.714904666666666300e-01 2.290834666666666519e-01
8.495277666666666283e-01 2.245000666666666644e-01
8.186778666666666426e-01 2.149327666666666914e-01
7.939071666666666083e-01 2.092315666666666740e-01
7.597500666666666680e-01 2.043517666666666843e-01
7.465554666666667227e-01 2.059651666666666714e-01
7.151109666666665143e-01 1.896667666666666807e-01
6.991386666666665750e-01 1.931110666666666364e-01
6.795321666666666038e-01 1.886017666666666981e-01
6.617778666666666032e-01 1.810555666666666397e-01
6.518862666666666028e-01 1.803586666666666671e-01
6.236388666666667913e-01 1.978612666666666742e-01
6.052404666666667543e-01 2.190277666666666789e-01
6.015879666666665848e-01 2.266711666666666458e-01
6.140139666666667440e-01 2.379580666666666899e-01
6.050229666666666617e-01 2.552824666666666520e-01
5.934906666666667219e-01 2.614999666666666389e-01
5.781480666666667378e-01 2.801761666666666151e-01
5.728842666666668082e-01 2.858377666666666594e-01
5.554626666666666601e-01 2.989120666666666426e-01
5.269071666666665932e-01 3.235183666666666680e-01
5.058468666666667835e-01 3.323701666666666332e-01
4.932939666666667500e-01 3.481780666666666746e-01
4.827591666666665726e-01 3.504028666666666458e-01
4.737129666666665684e-01 3.742960666666666492e-01
4.720089666666666406e-01 3.893053666666667079e-01
4.570185666666667368e-01 4.259119666666666970e-01
4.423794666666666098e-01 4.407589666666666406e-01
4.298838666666666142e-01 4.524166666666667447e-01
4.145229666666667701e-01 4.617964666666666829e-01
4.080090666666665866e-01 4.888288666666666393e-01
4.060089666666667485e-01 5.109721666666666717e-01
4.031271666666666476e-01 5.389696666666666802e-01
3.970461666666667555e-01 5.536201666666666910e-01
3.916758666666666500e-01 5.720554666666666233e-01
3.685830666666667921e-01 5.895277666666666194e-01
3.543573666666667288e-01 6.044356666666667044e-01
3.501294666666666666e-01 6.197683666666666813e-01
3.537498666666666902e-01 6.311062666666666932e-01
3.473148666666666662e-01 6.414256666666666717e-01
3.312126666666666552e-01 6.670369666666666753e-01
3.177081666666666249e-01 6.915139666666666463e-01
3.024810666666667425e-01 7.170553666666666937e-01
2.946108666666667486e-01 7.399813666666666956e-01
2.877681666666667692e-01 7.496665666666666450e-01
2.852961666666665730e-01 7.627684666666667557e-01
2.692221666666665958e-01 7.789258666666666331e-01
2.585838666666667729e-01 7.933768666666666247e-01
2.532126666666668080e-01 8.113519666666666463e-01
2.486343666666667729e-01 8.299165666666666885e-01
2.397336666666667893e-01 8.708284666666666896e-01
2.342640666666665483e-01 8.738563666666666618e-01
2.325972666666666355e-01 8.811064666666666989e-01
2.280090666666666210e-01 8.840185666666666719e-01
2.112870666666667174e-01 8.844721666666667259e-01
2.035740666666666643e-01 8.848378666666666392e-01
1.901202666666666485e-01 8.821942666666665600e-01
1.826433666666666400e-01 8.817406666666667281e-01
1.763238666666666066e-01 8.745784666666666096e-01
1.544904666666666315e-01 8.678149666666665762e-01
1.382592666666666303e-01 8.607964666666666487e-01
1.186665666666666397e-01 8.677405666666666573e-01
9.548616666666671915e-02 8.743333666666667225e-01
7.893966666666661636e-02 8.765230666666666837e-01
5.482386666666663050e-02 8.828053666666666466e-01
2.937036666666668905e-02 8.873332666666666757e-01
5.055366666666690108e-03 8.882314666666667469e-01
-2.879633333333349570e-03 8.993332666666665753e-01
-3.120353333333329357e-02 9.003886666666666150e-01
-5.165753333333332475e-02 9.062221666666665509e-01
-6.796313333333330042e-02 9.223054666666666845e-01
-8.749553333333336125e-02 9.289348666666666920e-01
-1.072223333333333500e-01 9.305554666666665531e-01
-1.209167333333333316e-01 9.259441666666667903e-01
-1.370279333333333793e-01 9.232495666666667988e-01
-1.686017333333333368e-01 8.985925666666666478e-01
-1.650323333333333919e-01 8.784652666666665777e-01
-1.625834333333333603e-01 8.657035666666667018e-01
-1.927223333333332733e-01 8.422315666666666534e-01
-2.134166333333332999e-01 8.487961666666666849e-01
-2.397224333333333735e-01 8.641018666666666626e-01
-2.622314333333333192e-01 8.707315666666666232e-01
-2.800649333333333768e-01 8.741851666666666798e-01
-3.034535333333333029e-01 8.774905666666666937e-01
-3.215093333333333137e-01 9.007036666666666802e-01
-3.424988333333333079e-01 9.149767666666667187e-01
-3.609722333333333366e-01 9.238054666666665193e-01
-3.741389333333333678e-01 9.266572666666665903e-01
-3.888332333333333057e-01 9.301480666666667174e-01
-4.048703333333333321e-01 9.268513666666665651e-01
-4.275368333333333104e-01 9.300184666666666544e-01
-4.491305333333333039e-01 9.390379666666665015e-01
-4.628519333333332986e-01 9.507406666666665673e-01
-4.690001333333333466e-01 9.522361666666666613e-01
-4.780301333333333291e-01 9.567220666666665929e-01
-4.911203333333333254e-01 9.582865666666665616e-01
-4.995842333333333496e-01 9.723712666666666227e-01
-4.808231333333333746e-01 9.848596666666665778e-01
-4.660163333333333102e-01 1.004134366666666667e+00
-4.656665333333333545e-01 1.017388666666666497e+00
-4.753427333333333227e-01 1.025722066666666654e+00
-4.839908333333333146e-01 1.042916566666666656e+00
-4.914614333333333085e-01 1.059559666666666677e+00
-4.942544333333333539e-01 1.067986066666666733e+00
-5.024354333333332923e-01 1.074934966666666769e+00
