7.000000000000000000e+00 0.000000000000000000e+00
6.960000000000013287e+00 3.202550004388501903e-01
6.880000000000013216e+00 5.531062561680266665e-01
6.800000000000013145e+00 7.119963311072403656e-01
6.720000000000013074e+00 8.399999999999810951e-01
6.640000000000013003e+00 9.496895303632666430e-01
6.560000000000012932e+00 1.046837803938638345e+00
6.480000000000012861e+00 1.134670679545557448e+00
6.400000000000012790e+00 1.215209732464944015e+00
6.320000000000012719e+00 1.289822009552675119e+00
6.240000000000012648e+00 1.359483695513601154e+00
6.160000000000012577e+00 1.424921050444540205e+00
6.080000000000012506e+00 1.486691985995909793e+00
6.000000000000012434e+00 1.545236260913129822e+00
5.920000000000012363e+00 1.600907905673824683e+00
5.840000000000012292e+00 1.653997014038705249e+00
5.760000000000012221e+00 1.704744878872140657e+00
5.680000000000012150e+00 1.753354801865402379e+00
5.600000000000012079e+00 1.799999999999992939e+00
5.520000000000012008e+00 1.844829509295458969e+00
5.440000000000011937e+00 1.887972673617525299e+00
5.360000000000011866e+00 1.929542612609922880e+00
5.280000000000011795e+00 1.969638939252670529e+00
5.200000000000011724e+00 2.008349916661705592e+00
5.120000000000011653e+00 2.045754189554945146e+00
5.040000000000011582e+00 2.081922188747691305e+00
4.960000000000011511e+00 2.116917281215821234e+00
4.880000000000011440e+00 2.150796719965005099e+00
4.800000000000011369e+00 2.183612434775480171e+00
4.720000000000011298e+00 2.215411695281899185e+00
4.640000000000011227e+00 2.246237670743985948e+00
4.560000000000011156e+00 2.276129905549935106e+00
4.480000000000011084e+00 2.305124725475821812e+00
4.400000000000011013e+00 2.333255586654201963e+00
4.320000000000010942e+00 2.360553376837291939e+00
4.240000000000010871e+00 2.387046676697939240e+00
4.160000000000010800e+00 2.412761987466490510e+00
4.080000000000010729e+00 2.437723930059279009e+00
4.000000000000010658e+00 2.461955419944866108e+00
3.920000000000010587e+00 2.485477821264954645e+00
3.840000000000010516e+00 2.508311083138593300e+00
3.760000000000010445e+00 2.530473860600749081e+00
3.680000000000010374e+00 2.551983622236484894e+00
3.600000000000010303e+00 2.572856746252048854e+00
3.520000000000010232e+00 2.593108606460197585e+00
3.440000000000010161e+00 2.612753649438279702e+00
3.360000000000010090e+00 2.631805463935354972e+00
3.280000000000010019e+00 2.650276843452163522e+00
3.200000000000009948e+00 2.668179842789720091e+00
3.120000000000009877e+00 2.685525829254268526e+00
3.040000000000009805e+00 2.702325529114897762e+00
2.960000000000009734e+00 2.191136301085450544e+00
2.880000000000009663e+00 1.845762294366447120e+00
2.800000000000009592e+00 1.629033815679471031e+00
2.720000000000009521e+00 1.467359634159589366e+00
2.640000000000009450e+00 1.339118815447364996e+00
2.560000000000009379e+00 1.234333499897839914e+00
2.480000000000009308e+00 1.147406844101534151e+00
2.400000000000009237e+00 1.074822601749553019e+00
2.320000000000009166e+00 1.014200491518165936e+00
2.240000000000009095e+00 9.638419012504102490e-01
2.160000000000009024e+00 9.224864419495077961e-01
2.080000000000008953e+00 8.891707266957826761e-01
2.000000000000008882e+00 8.631413194079016193e-01
1.920000000000008811e+00 8.437984376031084643e-01
1.840000000000008740e+00 8.306581076086123616e-01
1.760000000000008669e+00 8.233259071200103030e-01
1.680000000000008598e+00 8.214782691322954911e-01
1.600000000000008527e+00 8.248488866017491539e-01
1.520000000000008455e+00 8.332186607158611480e-01
1.440000000000008384e+00 8.464081781884815747e-01
1.360000000000008313e+00 8.642720403273993490e-01
1.280000000000008242e+00 8.866945830987340571e-01
1.200000000000008171e+00 9.135866705639323904e-01
1.120000000000008100e+00 9.448833416458088941e-01
1.040000000000008029e+00 9.805421589630585189e-01
9.600000000000079581e-01 1.319999999999936335e+00
8.800000000000078870e-01 1.959999999999936904e+00
8.000000000000078160e-01 2.599999999999937472e+00
7.200000000000077449e-01 2.910000000000023235e+00
6.400000000000076739e-01 2.670000000000023022e+00
5.600000000000076028e-01 2.430000000000022808e+00
4.800000000000075318e-01 2.250000000000000000e+00
4.000000000000074607e-01 2.250000000000000000e+00
3.200000000000073896e-01 2.250000000000000000e+00
2.400000000000073186e-01 2.250000000000000000e+00
1.600000000000072475e-01 2.250000000000000000e+00
8.000000000000717648e-02 2.250000000000000000e+00
7.105427357601001859e-15 2.250000000000000000e+00
-7.999999999999296563e-02 2.250000000000000000e+00
-1.599999999999930367e-01 2.250000000000000000e+00
-2.399999999999931077e-01 2.250000000000000000e+00
-3.199999999999931788e-01 2.250000000000000000e+00
-3.999999999999932498e-01 2.250000000000000000e+00
-4.799999999999933209e-01 2.250000000000000000e+00
-5.599999999999933920e-01 2.429999999999980176e+00
-6.399999999999934630e-01 2.669999999999980389e+00
-7.199999999999935341e-01 2.909999999999980602e+00
-7.999999999999936051e-01 2.600000000000051159e+00
-8.799999999999936762e-01 1.960000000000050591e+00
-9.599999999999937472e-01 1.320000000000050022e+00
-1.039999999999993818e+00 9.805421589630647361e-01
-1.119999999999993889e+00 9.448833416458146672e-01
-1.199999999999993960e+00 9.135866705639377194e-01
-1.279999999999994031e+00 8.866945830987384980e-01
-1.359999999999994102e+00 8.642720403274024576e-01
-1.439999999999994174e+00 8.464081781884837952e-01
-1.519999999999994245e+00 8.332186607158633684e-01
-1.599999999999994316e+00 8.248488866017500420e-01
-1.679999999999994387e+00 8.214782691322959352e-01
-1.759999999999994458e+00 8.233259071200094148e-01
-1.839999999999994529e+00 8.306581076086101412e-01
-1.919999999999994600e+00 8.437984376031053557e-01
-1.999999999999994671e+00 8.631413194078976225e-01
-2.079999999999994742e+00 8.891707266957773470e-01
-2.159999999999994813e+00 9.224864419495011347e-01
-2.239999999999994884e+00 9.638419012504026995e-01
-2.319999999999994955e+00 1.014200491518156166e+00
-2.399999999999995026e+00 1.074822601749541029e+00
-2.479999999999995097e+00 1.147406844101520162e+00
-2.559999999999995168e+00 1.234333499897823261e+00
-2.639999999999995239e+00 1.339118815447344568e+00
-2.719999999999995310e+00 1.467359634159564052e+00
-2.799999999999995381e+00 1.629033815679438391e+00
-2.879999999999995453e+00 1.845762294366401157e+00
-2.959999999999995524e+00 2.191136301085362170e+00
-3.040000000000009805e+00 2.702325529114897762e+00
-3.120000000000009877e+00 2.685525829254268526e+00
-3.200000000000009948e+00 2.668179842789720091e+00
-3.280000000000010019e+00 2.650276843452163522e+00
-3.360000000000010090e+00 2.631805463935354972e+00
-3.440000000000010161e+00 2.612753649438279702e+00
-3.520000000000010232e+00 2.593108606460197585e+00
-3.600000000000010303e+00 2.572856746252048854e+00
-3.680000000000010374e+00 2.551983622236484894e+00
-3.760000000000010445e+00 2.530473860600749081e+00
-3.840000000000010516e+00 2.508311083138593300e+00
-3.920000000000010587e+00 2.485477821264954645e+00
-4.000000000000010658e+00 2.461955419944866108e+00
-4.080000000000010729e+00 2.437723930059279009e+00
-4.160000000000010800e+00 2.412761987466490510e+00
-4.240000000000010871e+00 2.387046676697939240e+00
-4.320000000000010942e+00 2.360553376837291939e+00
-4.400000000000011013e+00 2.333255586654201963e+00
-4.480000000000011084e+00 2.305124725475821812e+00
-4.560000000000011156e+00 2.276129905549935106e+00
-4.640000000000011227e+00 2.246237670743985948e+00
-4.720000000000011298e+00 2.215411695281899185e+00
-4.800000000000011369e+00 2.183612434775480171e+00
-4.880000000000011440e+00 2.150796719965005099e+00
-4.960000000000011511e+00 2.116917281215821234e+00
-5.040000000000011582e+00 2.081922188747691305e+00
-5.120000000000011653e+00 2.045754189554945146e+00
-5.200000000000011724e+00 2.008349916661705592e+00
-5.280000000000011795e+00 1.969638939252670529e+00
-5.360000000000011866e+00 1.929542612609922880e+00
-5.440000000000011937e+00 1.887972673617525299e+00
-5.520000000000012008e+00 1.844829509295458969e+00
-5.600000000000012079e+00 1.799999999999992939e+00
-5.680000000000012150e+00 1.753354801865402379e+00
-5.760000000000012221e+00 1.704744878872140657e+00
-5.840000000000012292e+00 1.653997014038705249e+00
-5.920000000000012363e+00 1.600907905673824683e+00
-6.000000000000012434e+00 1.545236260913129822e+00
-6.080000000000012506e+00 1.486691985995909793e+00
-6.160000000000012577e+00 1.424921050444540205e+00
-6.240000000000012648e+00 1.359483695513601154e+00
-6.320000000000012719e+00 1.289822009552675119e+00
-6.400000000000012790e+00 1.215209732464944015e+00
-6.480000000000012861e+00 1.134670679545557448e+00
-6.560000000000012932e+00 1.046837803938638345e+00
-6.640000000000013003e+00 9.496895303632666430e-01
-6.720000000000013074e+00 8.399999999999810951e-01
-6.800000000000013145e+00 7.119963311072403656e-01
-6.880000000000013216e+00 5.531062561680266665e-01
-6.960000000000013287e+00 3.202550004388501903e-01
-7.000000000000000000e+00 0.000000000000000000e+00
-6.960000000000013287e+00 -3.202550004388501903e-01
-6.880000000000013216e+00 -5.531062561680266665e-01
-6.800000000000013145e+00 -7.119963311072403656e-01
-6.720000000000013074e+00 -8.399999999999810951e-01
-6.640000000000013003e+00 -9.496895303632666430e-01
-6.560000000000012932e+00 -1.046837803938638345e+00
-6.480000000000012861e+00 -1.134670679545557448e+00
-6.400000000000012790e+00 -1.215209732464944015e+00
-6.320000000000012719e+00 -1.289822009552675119e+00
-6.240000000000012648e+00 -1.359483695513601154e+00
-6.160000000000012577e+00 -1.424921050444540205e+00
-6.080000000000012506e+00 -1.486691985995909793e+00
-6.000000000000012434e+00 -1.545236260913129822e+00
-5.920000000000012363e+00 -1.600907905673824683e+00
-5.840000000000012292e+00 -1.653997014038705249e+00
-5.760000000000012221e+00 -1.704744878872140657e+00
-5.680000000000012150e+00 -1.753354801865402379e+00
-5.600000000000012079e+00 -1.799999999999992939e+00
-5.520000000000012008e+00 -1.844829509295458969e+00
-5.440000000000011937e+00 -1.887972673617525299e+00
-5.360000000000011866e+00 -1.929542612609922880e+00
-5.280000000000011795e+00 -1.969638939252670529e+00
-5.200000000000011724e+00 -2.008349916661705592e+00
-5.120000000000011653e+00 -2.045754189554945146e+00
-5.040000000000011582e+00 -2.081922188747691305e+00
-4.960000000000011511e+00 -2.116917281215821234e+00
-4.880000000000011440e+00 -2.150796719965005099e+00
-4.800000000000011369e+00 -2.183612434775480171e+00
-4.720000000000011298e+00 -2.215411695281899185e+00
-4.640000000000011227e+00 -2.246237670743985948e+00
-4.560000000000011156e+00 -2.276129905549935106e+00
-4.480000000000011084e+00 -2.305124725475821812e+00
-4.400000000000011013e+00 -2.333255586654201963e+00
-4.320000000000010942e+00 -2.360553376837291939e+00
-4.240000000000010871e+00 -2.387046676697939240e+00
-4.160000000000010800e+00 -2.412761987466490510e+00
-4.080000000000010729e+00 -2.437723930059279009e+00
-3.999999999999996447e+00 -2.145727653928019230e+00
-3.919999999999996376e+00 -1.940474852834478181e+00
-3.839999999999996305e+00 -1.799325376296882162e+00
-3.759999999999996234e+00 -1.689011369079575831e+00
-3.679999999999996163e+00 -1.598900476334248477e+00
-3.599999999999996092e+00 -1.523951363451077956e+00
-3.519999999999996021e+00 -1.461314474266448116e+00
-3.439999999999995950e+00 -1.409211809758270650e+00
-3.359999999999995879e+00 -1.366466915831117790e+00
-3.279999999999995808e+00 -1.332276522891466586e+00
-3.199999999999995737e+00 -1.306088454666015419e+00
-3.119999999999995666e+00 -1.287532375283969355e+00
-3.039999999999995595e+00 -1.276379650034244140e+00
-2.959999999999995524e+00 -1.272520987435898254e+00
-2.879999999999995453e+00 -1.275956387488932364e+00
-2.799999999999995381e+00 -1.286795141674286658e+00
-2.719999999999995310e+00 -1.305265884703046719e+00
-2.639999999999995239e+00 -1.331738952446007040e+00
-2.559999999999995168e+00 -1.366766521176468574e+00
-2.479999999999995097e+00 -1.411151860487954490e+00
-2.399999999999995026e+00 -1.466071424475894336e+00
-2.319999999999994955e+00 -1.533303212162373530e+00
-2.239999999999994884e+00 -1.615696779711010445e+00
-2.159999999999994813e+00 -1.718293461731628113e+00
-2.079999999999994742e+00 -1.851725613072536358e+00
-1.999999999999994671e+00 -2.049261088969362987e+00
-1.919999999999994600e+00 -1.873247396274722032e+00
-1.839999999999994529e+00 -1.761337028136024774e+00
-1.759999999999994458e+00 -1.680262129317615649e+00
-1.679999999999994387e+00 -1.619390344971185947e+00
-1.599999999999994316e+00 -1.573680340486913742e+00
-1.519999999999994245e+00 -1.540282559701181109e+00
-1.439999999999994174e+00 -1.517419003591901516e+00
-1.359999999999994102e+00 -1.503913218063646084e+00
-1.279999999999994031e+00 -1.498961933522892531e+00
-1.199999999999993960e+00 -1.502012973696338793e+00
-1.119999999999993889e+00 -1.512696002713190380e+00
-1.039999999999993818e+00 -1.530782385862362815e+00
-9.599999999999937472e-01 -1.556162831662914581e+00
-8.799999999999936762e-01 -1.588837340114846119e+00
-7.999999999999936051e-01 -1.628915202699098286e+00
-7.199999999999935341e-01 -1.676625054126755554e+00
-6.399999999999934630e-01 -1.732337230268613304e+00
-5.599999999999933920e-01 -1.796603907397972488e+00
-4.799999999999933209e-01 -1.870228355108356721e+00
-3.999999999999932498e-01 -1.954387027495193774e+00
-3.199999999999931788e-01 -2.050857923580570841e+00
-2.399999999999931077e-01 -2.162490599528105850e+00
-1.599999999999930367e-01 -2.294326389947620726e+00
-7.999999999999296563e-02 -2.456997649687427288e+00
7.105427357601001859e-15 -2.683772233983135802e+00
8.000000000000717648e-02 -2.456997649687393981e+00
1.600000000000072475e-01 -2.294326389947594969e+00
2.400000000000073186e-01 -2.162490599528084534e+00
3.200000000000073896e-01 -2.050857923580552189e+00
4.000000000000074607e-01 -1.954387027495177342e+00
4.800000000000075318e-01 -1.870228355108342733e+00
5.600000000000076028e-01 -1.796603907397960276e+00
6.400000000000076739e-01 -1.732337230268602868e+00
7.200000000000077449e-01 -1.676625054126746450e+00
8.000000000000078160e-01 -1.628915202699090292e+00
8.800000000000078870e-01 -1.588837340114839680e+00
9.600000000000079581e-01 -1.556162831662909474e+00
1.040000000000008029e+00 -1.530782385862358819e+00
1.120000000000008100e+00 -1.512696002713187937e+00
1.200000000000008171e+00 -1.502012973696337683e+00
1.280000000000008242e+00 -1.498961933522892531e+00
1.360000000000008313e+00 -1.503913218063647861e+00
1.440000000000008384e+00 -1.517419003591904403e+00
1.520000000000008455e+00 -1.540282559701186216e+00
1.600000000000008527e+00 -1.573680340486920626e+00
1.680000000000008598e+00 -1.619390344971195272e+00
1.760000000000008669e+00 -1.680262129317628084e+00
1.840000000000008740e+00 -1.761337028136041205e+00
1.920000000000008811e+00 -1.873247396274745569e+00
2.000000000000008882e+00 -2.049261088969350109e+00
2.080000000000008953e+00 -1.851725613072508381e+00
2.160000000000009024e+00 -1.718293461731607685e+00
2.240000000000009095e+00 -1.615696779710994679e+00
2.320000000000009166e+00 -1.533303212162360207e+00
2.400000000000009237e+00 -1.466071424475883678e+00
2.480000000000009308e+00 -1.411151860487946053e+00
2.560000000000009379e+00 -1.366766521176461691e+00
2.640000000000009450e+00 -1.331738952446001267e+00
2.720000000000009521e+00 -1.305265884703042945e+00
2.800000000000009592e+00 -1.286795141674284215e+00
2.880000000000009663e+00 -1.275956387488930810e+00
2.960000000000009734e+00 -1.272520987435898254e+00
3.040000000000009805e+00 -1.276379650034245472e+00
3.120000000000009877e+00 -1.287532375283971797e+00
3.200000000000009948e+00 -1.306088454666018972e+00
3.280000000000010019e+00 -1.332276522891471915e+00
3.360000000000010090e+00 -1.366466915831124673e+00
3.440000000000010161e+00 -1.409211809758279088e+00
3.520000000000010232e+00 -1.461314474266457886e+00
3.600000000000010303e+00 -1.523951363451090391e+00
3.680000000000010374e+00 -1.598900476334262910e+00
3.760000000000010445e+00 -1.689011369079593372e+00
3.840000000000010516e+00 -1.799325376296904810e+00
3.920000000000010587e+00 -1.940474852834507269e+00
4.000000000000010658e+00 -2.145727653928067635e+00
4.080000000000010729e+00 -2.437723930059279009e+00
4.160000000000010800e+00 -2.412761987466490510e+00
4.240000000000010871e+00 -2.387046676697939240e+00
4.320000000000010942e+00 -2.360553376837291939e+00
4.400000000000011013e+00 -2.333255586654201963e+00
4.480000000000011084e+00 -2.305124725475821812e+00
4.560000000000011156e+00 -2.276129905549935106e+00
4.640000000000011227e+00 -2.246237670743985948e+00
4.720000000000011298e+00 -2.215411695281899185e+00
4.800000000000011369e+00 -2.183612434775480171e+00
4.880000000000011440e+00 -2.150796719965005099e+00
4.960000000000011511e+00 -2.116917281215821234e+00
5.040000000000011582e+00 -2.081922188747691305e+00
5.120000000000011653e+00 -2.045754189554945146e+00
5.200000000000011724e+00 -2.008349916661705592e+00
5.280000000000011795e+00 -1.969638939252670529e+00
5.360000000000011866e+00 -1.929542612609922880e+00
5.440000000000011937e+00 -1.887972673617525299e+00
5.520000000000012008e+00 -1.844829509295458969e+00
5.600000000000012079e+00 -1.799999999999992939e+00
5.680000000000012150e+00 -1.753354801865402379e+00
5.760000000000012221e+00 -1.704744878872140657e+00
5.840000000000012292e+00 -1.653997014038705249e+00
5.920000000000012363e+00 -1.600907905673824683e+00
6.000000000000012434e+00 -1.545236260913129822e+00
6.080000000000012506e+00 -1.486691985995909793e+00
6.160000000000012577e+00 -1.424921050444540205e+00
6.240000000000012648e+00 -1.359483695513601154e+00
6.320000000000012719e+00 -1.289822009552675119e+00
6.400000000000012790e+00 -1.215209732464944015e+00
6.480000000000012861e+00 -1.134670679545557448e+00
6.560000000000012932e+00 -1.046837803938638345e+00
6.640000000000013003e+00 -9.496895303632666430e-01
6.720000000000013074e+00 -8.399999999999810951e-01
6.800000000000013145e+00 -7.119963311072403656e-01
6.880000000000013216e+00 -5.531062561680266665e-01
6.960000000000013287e+00 -3.202550004388501903e-01
