7.00131233595801     6.15485564304462
6.92475940507437     6.83945756780403
6.23359580052493     7.29658792650919
5.69772528433946     7.44969378827647
4.93000874890639     7.44969378827647
3.85608048993876     7.22003499562555
3.85608048993876     6.23140857392826
3.9326334208224     5.62117235345582
4.3153980752406     5.08967629046369
4.3153980752406     4.17541557305337
3.62642169728784     3.71828521434821
3.16491688538933     3.79483814523185
2.01443569553806     4.09886264216973
1.8591426071741     4.93657042869641
1.70603674540682     5.54680664916885
1.55293088363955     6.68853893263342
1.24671916010499     7.67716535433071
0.479002624671916     8.28740157480315
-0.748031496062992     8.28740157480315
-1.51574803149606     7.83027121609799
-3.665791776028     6.61198600174978
-4.35695538057743     6.83945756780403
-5.12248468941382     7.90682414698163
-5.43088363954506     8.13429571303587
-6.19860017497813     8.51487314085739
-6.9663167104112     8.21084864391951
-7.50218722659667     7.29658792650919
-7.50218722659667     6.07830271216098
-7.3490813648294     5.47025371828521
-7.57874015748031     4.55599300087489
-8.04024496937883     4.02230971128609
-7.96369203849519     2.80402449693788
-7.19597550306212     2.11942257217848
-6.88976377952756     1.88976377952756
-6.50481189851269     0.977690288713911
-6.42825896762905     0.0634295713035874
-6.04549431321085     -0.546806649168854
-5.73709536307961     -0.623359580052493
-4.73972003499563     -0.774278215223097
-3.74234470691164     -0.470253718285214
-2.66841644794401     -0.393700787401574
-2.36001749781277     -1.00393700787402
-2.43657042869641     -1.91601049868766
-3.35739282589676     -2.22222222222222
-3.97200349956255     -2.37314085739283
-4.66316710411199     -2.37314085739283
-5.43088363954506     -2.22222222222222
-6.42825896762905     -2.22222222222222
-7.3490813648294     -2.98337707786527
-7.81058617672791     -3.97419072615923
-7.57874015748031     -5.2668416447944
-7.04286964129484     -6.41076115485564
-6.19860017497813     -6.71478565179353
-5.12248468941382     -6.71478565179353
-3.665791776028     -6.334208223972
-2.89807524059493     -5.19247594050744
-1.90069991251094     -4.80971128608924
-0.979877515310586     -4.73534558180227
-0.135608048993875     -5.1159230096238
0.402449693788277     -5.64741907261592
1.01706036745407     -6.18110236220472
1.8591426071741     -6.56167979002625
2.4737532808399     -6.79133858267716
3.85608048993876     -6.56167979002625
4.54724409448819     -6.334208223972
5.54461942257218     -6.48512685914261
5.92738407699038     -7.55249343832021
6.38888888888889     -8.46675415573053
7.30971128608924     -8.99825021872266
7.76902887139108     -8.46675415573053
8.38363954505687     -7.47594050743657
8.15398075240595     -6.25765529308836
7.46281714785652     -5.34339457567804
6.46544181977253     -5.19247594050744
5.92738407699038     -4.04855643044619
5.85083114610674     -2.98337707786527
5.85083114610674     -1.8416447944007
5.00656167979003     -1.23140857392826
3.85608048993876     -1.23140857392826
2.85870516185477     -1.23140857392826
1.62948381452318     -0.774278215223097
1.62948381452318     0.290901137357831
2.01443569553806     0.901137357830272
3.16491688538933     1.12860892388451
3.62642169728784     1.05205599300088
4.54724409448819     0.748031496062992
5.69772528433946     0.748031496062992
6.77165354330709     1.12860892388451
7.46281714785652     1.9663167104112
7.46281714785652     2.57655293088364
7.2331583552056     3.18460192475941
7.15660542432196     3.48862642169729
7.38626421697288     4.09886264216973
8.38363954505687     4.63254593175853
8.68985126859143     4.93657042869641
8.68985126859143     5.69772528433946
8.46019247594051     6.23140857392826
8.15398075240595     6.23140857392826
7.46281714785652     5.92738407699038

-2.59186351706037 3.33770778652668
