-5.81364829396325     5.2405949256343
-5.12248468941382     3.64173228346457
-4.73972003499563     1.4326334208224
-4.8928258967629     -0.697725284339457
-5.35433070866142     -2.5262467191601
-6.19860017497813     -4.20166229221347
-3.89545056867891     -4.50568678915136
-1.90069991251094     -4.80971128608924
0.402449693788277     -4.80971128608924
1.93788276465442     -4.20166229221347
3.47112860892388     -2.90682414698163
4.39195100612424     -1.46106736657918
4.77690288713911     0.0634295713035874
4.46850393700787     1.88976377952756
4.16229221347332     2.88057742782152
3.16491688538933     4.32633420822397
1.01706036745407     5.08967629046369
-1.05643044619423     5.31714785651794
-3.12773403324584     5.47025371828521
-4.96937882764654     5.54680664916885

0.0940507436570432 -0.317147856517935
