-5.000000000000000000e-01	5.000000000000000000e-01
-4.990102528260988990e-01	5.052861040738959586e-01
-4.950998684702184183e-01	5.089781752998598918e-01
-4.908925039288549730e-01	5.120146488603947166e-01
-4.859144172470035716e-01	5.134777760099354937e-01
-4.803796836293660610e-01	5.143737381997821601e-01
-4.781837840901291825e-01	5.195326188610711604e-01
-4.755473414266066512e-01	5.237038260548699808e-01
-4.721330553449512024e-01	5.272664725324558432e-01
-4.671464837243203272e-01	5.315582742737184896e-01
-4.609323673073271177e-01	5.293972060494269716e-01
-4.571180555518966071e-01	5.338852131349917096e-01
-4.559698277914924769e-01	5.396621288153468088e-01
-4.521843192464023997e-01	5.434675471675673997e-01
-4.502305567369738748e-01	5.484669567164160986e-01
-4.478718024861305103e-01	5.535527050602117027e-01
-4.494061414806460597e-01	5.589447697558732608e-01
-4.510851528650741127e-01	5.648951028479315406e-01
-4.467998618609236305e-01	5.693517634974795127e-01
-4.468197646217509922e-01	5.749099006097493358e-01
-4.440273833357303856e-01	5.797157190657630244e-01
-4.442109001192615092e-01	5.866589150602337099e-01
-4.381818947534348863e-01	5.901075007596625621e-01
-4.325576443002024374e-01	5.927254906129384437e-01
-4.264023628975165958e-01	5.919518143975285307e-01
-4.234317909325614471e-01	5.967363239843030964e-01
-4.240747632598117489e-01	6.023311802265407522e-01
-4.255528098954665106e-01	6.074615470856511434e-01
-4.279022155445800779e-01	6.122558748865156719e-01
-4.259546010670559046e-01	6.185519643448733618e-01
-4.197473222075551180e-01	6.207663793423612297e-01
-4.237021650169777165e-01	6.257300070191142982e-01
-4.231473788599867114e-01	6.320522371383587856e-01
-4.184987990059575447e-01	6.346018845299613576e-01
-4.149464711870173850e-01	6.385377406690466717e-01
-4.130857945659127672e-01	6.437966657293016093e-01
-4.082387306380682035e-01	6.465578939989473639e-01
-4.025142594132001261e-01	6.484091737175036174e-01
-3.992728110578001588e-01	6.534776863158854310e-01
-3.935851702057512891e-01	6.531900035521023273e-01
-3.880859021831512545e-01	6.517101146880042162e-01
-3.852757823988403052e-01	6.571621504344461462e-01
-3.819009336242834562e-01	6.622838554954124657e-01
-3.832099197671953172e-01	6.683100216858961495e-01
-3.858747960360546791e-01	6.738711868650050230e-01
-3.799347894780443768e-01	6.774258440571701012e-01
-3.794168403880553431e-01	6.843288140269147002e-01
-3.734607211077484168e-01	6.860812691422104592e-01
-3.672521436155022911e-01	6.860858881405688114e-01
-3.614641281673702800e-01	6.845792792464098220e-01
-3.564107677120544326e-01	6.813801322825421281e-01
-3.512387762840740724e-01	6.846144703165337742e-01
-3.451487890047464369e-01	6.849644600118872662e-01
-3.397695275496908085e-01	6.835503278730836740e-01
-3.343806945595452218e-01	6.821731196418554521e-01
-3.286915675205260290e-01	6.846223325220645028e-01
-3.232701102347702582e-01	6.816269008173838628e-01
-3.198747558603735053e-01	6.865020505791226135e-01
-3.170367637430588914e-01	6.917213721125383685e-01
-3.190063637118752959e-01	6.980643115437090707e-01
-3.150829394406198247e-01	7.034233176691380152e-01
-3.098590244514952685e-01	7.066083383478504176e-01
-3.066365003239103215e-01	7.118092020054131996e-01
-3.014137459464054647e-01	7.148205251382344638e-01
-2.955075149716816507e-01	7.160295189228431667e-01
-2.913059154423176533e-01	7.115291982027063256e-01
-2.851939710136446871e-01	7.122711284487938110e-01
-2.819250455696096225e-01	7.073490712189397511e-01
-2.761662898042545056e-01	7.060264779452500861e-01
-2.700225059278490436e-01	7.064584262296579320e-01
-2.655308832437958122e-01	7.022444037683412965e-01
-2.606248936283424023e-01	7.065726079446246199e-01
-2.544518527194506441e-01	7.044056627594197373e-01
-2.509483326198770348e-01	6.985175973563957363e-01
-2.520179498614474323e-01	6.917500360352890620e-01
-2.475672295451941118e-01	6.870646668877595786e-01
-2.424600785349458332e-01	6.831050451961518943e-01
-2.361681959829591837e-01	6.810363492875819436e-01
-2.301984289511406212e-01	6.839050023505960363e-01
-2.243464485020840171e-01	6.814221669363638156e-01
-2.180337494751499738e-01	6.821704836244391057e-01
-2.136450573708333356e-01	6.856744364079572218e-01
-2.091383224983301981e-01	6.890252041236574199e-01
-2.058875255690179595e-01	6.945409420293957581e-01
-1.994892244951328442e-01	6.947706999201079814e-01
-1.936614075092156217e-01	6.934241470012696418e-01
-1.879349707934179770e-01	6.916965538418300419e-01
-1.826701628920699427e-01	6.945412816925451427e-01
-1.771703639533359076e-01	6.968998597421822705e-01
-1.709106223136079294e-01	6.972426509710346609e-01
-1.648781235246118970e-01	6.989487663198559186e-01
-1.578201363392610079e-01	6.988239127273503382e-01
-1.537764558133859483e-01	7.046100530067418433e-01
-1.542564027991399356e-01	7.109973870141839125e-01
-1.537581314684531852e-01	7.173833176834580883e-01
-1.495368358571074197e-01	7.223013063445976600e-01
-1.472097310818769600e-01	7.283503172120506797e-01
-1.422541307663699461e-01	7.301701728157092841e-01
-1.369875943864909962e-01	7.305354719597445534e-01
-1.330342293168189638e-01	7.346278698736699031e-01
-1.273444612518636054e-01	7.345699438258477265e-01
-1.221780487263434689e-01	7.337025750618944020e-01
-1.169405581330436039e-01	7.335892646844843767e-01
-1.119701204041974596e-01	7.319625573453876211e-01
-1.068781718115922041e-01	7.307694573857554943e-01
-1.004895981635687274e-01	7.320686178494478780e-01
-9.729468526355067315e-02	7.377514184554818666e-01
-9.853618597340896290e-02	7.437897653802983955e-01
-9.640768333778476640e-02	7.495753020128987920e-01
-9.052664929677284311e-02	7.486388101992622612e-01
-8.457153682924400950e-02	7.486534323616553799e-01
-8.110195139329301472e-02	7.535665459153539913e-01
-7.624904817530558931e-02	7.571198596146702098e-01
-7.044249369694205454e-02	7.574968336961522830e-01
-6.479880582372177233e-02	7.560801574600348740e-01
-6.308652246594786961e-02	7.503675955613712256e-01
-5.868626376576169257e-02	7.463423004026519259e-01
-5.346633927575467071e-02	7.461345120769248274e-01
-4.828122413912316890e-02	7.467711977839721627e-01
-4.419412986794429843e-02	7.508815371581185616e-01
-3.844046434261766398e-02	7.501782858695819067e-01
-3.442102192963025775e-02	7.547328007068874189e-01
-2.847548948102646138e-02	7.534877438338258848e-01
-2.310317516745602484e-02	7.523959175010632716e-01
-1.922325801082452879e-02	7.485229227060261614e-01
-1.371153926176538196e-02	7.471047628763249904e-01
-9.149307208344947817e-03	7.437023726044642569e-01
-5.913636078529127538e-03	7.488173766190417968e-01
0.000000000000000000e+00	7.501064623649043028e-01
4.191936005199625725e-03	7.457732480637176975e-01
8.182060620684716845e-03	7.412535158587526540e-01
9.050695889139981354e-03	7.350452174367938518e-01
1.306874577870997811e-02	7.302334847332213608e-01
1.955114452196526909e-02	7.315683725456195718e-01
2.467475587899303768e-02	7.273788587790372961e-01
3.076133361519883813e-02	7.262749945800260898e-01
3.548488598196630761e-02	7.222808741828496970e-01
2.951752142971475479e-02	7.188175122874871370e-01
2.726213160208890152e-02	7.122969653746002994e-01
2.723187496695034238e-02	7.058297808387508088e-01
2.710446354430573468e-02	6.993637807139380103e-01
2.638961132082606742e-02	6.928120776861039776e-01
2.855066553033225318e-02	6.865858692917502504e-01
3.221475245438598645e-02	6.812039834742602551e-01
3.736941273507887740e-02	6.772265841568461120e-01
3.559049762534549632e-02	6.711360545281707113e-01
3.361307338943886336e-02	6.651070510021590554e-01
3.755503019453065860e-02	6.591740474752532108e-01
3.506127725870600287e-02	6.525016603013437111e-01
3.512201799687386661e-02	6.451805861560065969e-01
4.108283573022342150e-02	6.409296488442386419e-01
4.721688293263626157e-02	6.386071664938033354e-01
5.272788091180002912e-02	6.350505725300279458e-01
5.807876573933223874e-02	6.319642502600562040e-01
6.423677671604044459e-02	6.324503103410956673e-01
7.005362481584898049e-02	6.346651651209558320e-01
7.602662438635598985e-02	6.329145710381258727e-01
7.791259165136488196e-02	6.263505408660015039e-01
8.457765068715117351e-02	6.248604560782373696e-01
9.029737002332316465e-02	6.228907599213581170e-01
9.444562161427194624e-02	6.184877040537593018e-01
1.000646101200732829e-01	6.199295048842100586e-01
1.055349775468545914e-01	6.179989863841621744e-01
1.110970083290466759e-01	6.180133415318741497e-01
1.166092533453985114e-01	6.187560038858563871e-01
1.206081013424984416e-01	6.229730523310719192e-01
1.262748561796810387e-01	6.242623050248725658e-01
1.318698523071240025e-01	6.262223070315360296e-01
1.348516503863753657e-01	6.313462185985714292e-01
1.406824070854209019e-01	6.305446676335304534e-01
1.465386003422485262e-01	6.299571234465030090e-01
1.505217198772194065e-01	6.256106118473280242e-01
1.539470998553108538e-01	6.208122604307142467e-01
1.591449758326842767e-01	6.242860432123463754e-01
1.648877909081113424e-01	6.218151817229935485e-01
1.700653425387010920e-01	6.193545706341244683e-01
1.757447788098576158e-01	6.201328067550788692e-01
1.823454650962549328e-01	6.188531402617758470e-01
1.887544902210154252e-01	6.208856270970850577e-01
1.955883087481252725e-01	6.202533118189194061e-01
2.014510281720108820e-01	6.238211429849456202e-01
2.070694670040773566e-01	6.202198632075632823e-01
2.104871072617018335e-01	6.144878647764646651e-01
2.156007347007283803e-01	6.104548573237288389e-01
2.200755208917761774e-01	6.057229842016558230e-01
2.220691394225945414e-01	6.126747342342117042e-01
2.280893512250953270e-01	6.166820267384586218e-01
2.349179748602173712e-01	6.182238905468443457e-01
2.416616984512190980e-01	6.163451577606493537e-01
2.442973114727982065e-01	6.219832844985071496e-01
2.493089952314870850e-01	6.256735358469328601e-01
2.547867732218704884e-01	6.294277707022585266e-01
2.554912738426784458e-01	6.360311039466247651e-01
2.609640213895770833e-01	6.327605872332219272e-01
2.623890258100031181e-01	6.265463609992891758e-01
2.605346610962180343e-01	6.209363468554529586e-01
2.573692504681016624e-01	6.159472484658455871e-01
2.625269927745871312e-01	6.129840632474962137e-01
2.662045355814289804e-01	6.083087609853744526e-01
2.675048774049334499e-01	6.020888711785999936e-01
2.638939624193720190e-01	5.968601800389916612e-01
2.674772643639726777e-01	5.929238753394870942e-01
2.723324256028804013e-01	5.907416845005073469e-01
2.777473654782949275e-01	5.894109982761173150e-01
2.809084483183444947e-01	5.848175404325662852e-01
2.856086890263974665e-01	5.816290331832187910e-01
2.880267314945107460e-01	5.764897811155361707e-01
2.865032553503684687e-01	5.708705829161032641e-01
2.889119942625801851e-01	5.655701730433596586e-01
2.937287263772311308e-01	5.627588048813206845e-01
2.975345398353324011e-01	5.586819822056366958e-01
3.022656029603209005e-01	5.548430064265275075e-01
3.023479400502516734e-01	5.487508874249948931e-01
3.059435957111791282e-01	5.444788519307752761e-01
3.111230322649825020e-01	5.423925959826813026e-01
3.168885300938513172e-01	5.421425075509114233e-01
3.211261246026134719e-01	5.382250718823005098e-01
3.270479290563864661e-01	5.389541438475545787e-01
3.319328775807696141e-01	5.355282728877295284e-01
3.359855155385973458e-01	5.402420627221520277e-01
3.421906764263894507e-01	5.398683417340508495e-01
3.474004155278711536e-01	5.415257713251745431e-01
3.527521056036204694e-01	5.404086913422870841e-01
3.580998625139827363e-01	5.403653024188238563e-01
3.632205911290580236e-01	5.419075491635948483e-01
3.653468463717761683e-01	5.365199417267554338e-01
3.703650990793531106e-01	5.336278118863830855e-01
3.753159621279534841e-01	5.298034245443691281e-01
3.811777067234712879e-01	5.319890443110879552e-01
3.846513903440041959e-01	5.266588697756140469e-01
3.817644951798783159e-01	5.209893834862294737e-01
3.869809125398171457e-01	5.184542704875424457e-01
3.896638177644341505e-01	5.133123032040112221e-01
3.954127139069774088e-01	5.128075097734815513e-01
3.987267779965589787e-01	5.080829354566355205e-01
4.046038065908105219e-01	5.091612034532647657e-01
4.086501168650276128e-01	5.047646707131421273e-01
4.140837915551818238e-01	5.047460943152357604e-01
4.186354629859216914e-01	5.077138296315282240e-01
4.226839715410422027e-01	5.121032249965551397e-01
4.285385996021663368e-01	5.109282596960880163e-01
4.331876450163827386e-01	5.114474245445320699e-01
4.376109821966952529e-01	5.099251750273467998e-01
4.421436737954694829e-01	5.090946831777397596e-01
4.467304376535675692e-01	5.095380872281364271e-01
4.515901682491307856e-01	5.093240729431225411e-01
4.564384447075923168e-01	5.097203038833220123e-01
4.608298983346660327e-01	5.074292954528922817e-01
4.639860514250888635e-01	5.036119295735387302e-01
4.695645585288610313e-01	5.050703414803398017e-01
4.744567018979878315e-01	5.020185157886194460e-01
4.786566181006252085e-01	4.986179567180571426e-01
4.811948155617713496e-01	4.938471442348640328e-01
4.864332402466057248e-01	4.928524876995755144e-01
4.910653995034383046e-01	4.954932329393166857e-01
4.954183864830780104e-01	4.979732408709225400e-01
5.000000000000000000e-01	5.000000000000000000e-01
5.000000000000000000e-01	5.000000000000000000e-01
4.990030709924927477e-01	4.945649225570754037e-01
4.985545789038174913e-01	4.890574014174888795e-01
5.013016793998934517e-01	4.842301667550426569e-01
5.050595431149969006e-01	4.801402748346405569e-01
5.042130634806587519e-01	4.745480376509387810e-01
5.079307046856824659e-01	4.702855514796022152e-01
5.082818612314115025e-01	4.651401195712134840e-01
5.096366925902569012e-01	4.601638546634174709e-01
5.142706800225405050e-01	4.559218113707426134e-01
5.205359648481220347e-01	4.563854673572546594e-01
5.244801431076624443e-01	4.617590484044680199e-01
5.311037283229473882e-01	4.610106940032240863e-01
5.354403149247006777e-01	4.576413817307662946e-01
5.390484935447850123e-01	4.535014184954941352e-01
5.441980029133759444e-01	4.516557733341303171e-01
5.491856829102610416e-01	4.494092424423902221e-01
5.503705428980998349e-01	4.446080679933249180e-01
5.519154882491341674e-01	4.399103756722531622e-01
5.529633116012520055e-01	4.348109588619747390e-01
5.507583537810714081e-01	4.300950128706154119e-01
5.450426706039130931e-01	4.281149086825715155e-01
5.422442968813578901e-01	4.227521713884210830e-01
5.430690480305655488e-01	4.171819220616848067e-01
5.445321410815657792e-01	4.117443444075966630e-01
5.455049606939104123e-01	4.062974055217272729e-01
5.491940675747215561e-01	4.021735709413265525e-01
5.537783895009920077e-01	3.989375992262724768e-01
5.593873357698211368e-01	3.991026513928817576e-01
5.609886899816776129e-01	3.944623702345931848e-01
5.622025141926747516e-01	3.897059876464705752e-01
5.622859679924843146e-01	3.841468622167732994e-01
5.669513683795577297e-01	3.811228120670395736e-01
5.610880860550084837e-01	3.790356284035377721e-01
5.576423831275225673e-01	3.738528157889360326e-01
5.570444550364150871e-01	3.679752148754673602e-01
5.561254951858427553e-01	3.621391868346522935e-01
5.606721767573794590e-01	3.583704449338182552e-01
5.620798296320126397e-01	3.526350947080175713e-01
5.599210168163601953e-01	3.467686902334176646e-01
5.632561197177501366e-01	3.414817002703317006e-01
5.631239061209856178e-01	3.351806294046616452e-01
5.679957240684705422e-01	3.311823342209703758e-01
5.650357166228372474e-01	3.262483641973071835e-01
5.639138702584070018e-01	3.206050349487850060e-01
5.648670075675077396e-01	3.145214179298119195e-01
5.601277029182663014e-01	3.105897696488466031e-01
5.548234784104431050e-01	3.083854756186927837e-01
5.524017417322297785e-01	3.031769344350060402e-01
5.581745681416681037e-01	3.019656974688392781e-01
5.621080374474067831e-01	2.975701953402394850e-01
5.672833014978662103e-01	2.951443771398035709e-01
5.711277526558029560e-01	2.909149389705213973e-01
5.748978311081389680e-01	2.862273880458974240e-01
5.775030621663348462e-01	2.808052670272258577e-01
5.763093531998659813e-01	2.749431586681361228e-01
5.756631006749695079e-01	2.689957547652216396e-01
5.804638543853508637e-01	2.732863989814931505e-01
5.868746722620845624e-01	2.738849623697134916e-01
5.921002817657476935e-01	2.705461144978644206e-01
5.981297070210884748e-01	2.690966556725142844e-01
6.010719346945765373e-01	2.635868239720205453e-01
6.022658981125301736e-01	2.574558044477495145e-01
6.068617809030754096e-01	2.522326392802427542e-01
6.137791497762914439e-01	2.529766828699258063e-01
6.096209327790367283e-01	2.486241890967756940e-01
6.039415243195909166e-01	2.466293732675957084e-01
6.031785355539291960e-01	2.408254860260287122e-01
6.023732458588151317e-01	2.350273167049159451e-01
6.050219740252167355e-01	2.302101296549118326e-01
6.059157616698156446e-01	2.247859066118779170e-01
6.076584292098832218e-01	2.192631588189478120e-01
6.053189480005178869e-01	2.139655687054579092e-01
5.997476826864001076e-01	2.107753238088125314e-01
5.976341408175949166e-01	2.047131789351171460e-01
5.968411235451374086e-01	1.981148463958054551e-01
6.014180956831898239e-01	1.932963201956849342e-01
5.957418926510105184e-01	1.912515072648581227e-01
5.897625464521010219e-01	1.904465477514744598e-01
5.864571932145934419e-01	1.852317583120530742e-01
5.859140175290820096e-01	1.790816079808113526e-01
5.916700420131211224e-01	1.786510589265198345e-01
5.973445278742679498e-01	1.775939872351692261e-01
6.029254449122014581e-01	1.743749277350983840e-01
6.037026823682296595e-01	1.679792353577057584e-01
6.088170342596674889e-01	1.649215199404494570e-01
6.121825320710188034e-01	1.600042398666514099e-01
6.097535411474137579e-01	1.543656313192446894e-01
6.112184546862611256e-01	1.484034227031740816e-01
6.134825171319158166e-01	1.431236014028364201e-01
6.118885075861930645e-01	1.376043962708026758e-01
6.149459336693676725e-01	1.328318603307334089e-01
6.201767623328584556e-01	1.306493422789101189e-01
6.201506096137394675e-01	1.248304709914754285e-01
6.252624277198965963e-01	1.220503158386079257e-01
6.262368026813955879e-01	1.170969448643379707e-01
6.285886282815491555e-01	1.126299316652529803e-01
6.299482928945325799e-01	1.075018447893432150e-01
6.338571109897339628e-01	1.039147702201010381e-01
6.378900631374333496e-01	1.005453892906373325e-01
6.398144865706532070e-01	9.565519243129305682e-02
6.451906236496025571e-01	9.440708718717866210e-02
6.505526483800136983e-01	9.571449201449944155e-02
6.559203909216271278e-01	9.391874977996012008e-02
6.591343750870297669e-01	8.925960222375450837e-02
6.608480016104849586e-01	8.382998721099865769e-02
6.638068290289982354e-01	7.896556788737046917e-02
6.693592649129409544e-01	7.780320416988129040e-02
6.750282321809826236e-01	7.759477247626728191e-02
6.800323062267989993e-01	7.761148126761208133e-02
6.847465845397864292e-01	7.593320351127419432e-02
6.897475810069468860e-01	7.575627570603288286e-02
6.943933136357089975e-01	7.389658824442180141e-02
6.977597098740611070e-01	6.975323155927742880e-02
6.983218129223507376e-01	6.444436459757790781e-02
6.999247422568739552e-01	5.918497480185647142e-02
6.975219221971178385e-01	5.423957095229603453e-02
6.955975858295966319e-01	4.843260801235249602e-02
6.904055503835271335e-01	4.519738669565676048e-02
6.901649856111038428e-01	3.889246213503855243e-02
6.947257750293118761e-01	3.453251431338055788e-02
6.977756756850561626e-01	2.923901702605652408e-02
7.028802653906145448e-01	2.588250522379453855e-02
6.979756121717721751e-01	2.121628294150995631e-02
6.992403274258482959e-01	1.456573793294885233e-02
7.013523614614216584e-01	9.228948252254953744e-03
7.068954715835540359e-01	7.740344195665160854e-03
7.116270713797274716e-01	5.058746758343113381e-03
7.136240898278032319e-01	0.000000000000000000e+00
7.088884750867590068e-01	-2.352382775399952664e-03
7.059113745257541428e-01	-6.722351190304065582e-03
7.043456153442662071e-01	-1.173204695136786935e-02
7.051220308569989825e-01	-1.692298447597984090e-02
7.066950176650157456e-01	-2.206916401180292198e-02
7.043041513930556885e-01	-2.689007780305907591e-02
6.988047828952665963e-01	-2.865267375839664066e-02
6.975852169445677653e-01	-3.429735774141506877e-02
7.036676926312535052e-01	-3.566289172402603569e-02
7.058162983661617762e-01	-4.151478773580763448e-02
7.060047156256383794e-01	-4.710545711048397255e-02
7.039209526607603795e-01	-5.229670137624664594e-02
7.024886065994213613e-01	-5.731771718904421498e-02
7.005534870407217340e-01	-6.216720451507506962e-02
7.041381471090786270e-01	-6.614719952825853788e-02
7.055773334094541660e-01	-7.130654938104530327e-02
7.051997069455315792e-01	-7.731792365019485302e-02
7.000791913584083481e-01	-8.048960182934150609e-02
6.993736526683513866e-01	-8.582865677161899409e-02
6.974974367890787175e-01	-9.087673625734327132e-02
7.018648664188367192e-01	-9.537706393577138897e-02
7.023717002688698585e-01	-1.016277047215288221e-01
6.986961730061507225e-01	-1.063554466340391746e-01
6.968068984675501731e-01	-1.120380240394156512e-01
6.919909553240104483e-01	-1.155686080457941634e-01
6.895573205897529423e-01	-1.210216579967957617e-01
6.838491765494527641e-01	-1.220024847171959914e-01
6.780574388743116909e-01	-1.220290204029350623e-01
6.721863610476641604e-01	-1.239458577013268226e-01
6.672202842173764470e-01	-1.202740868764060611e-01
6.630340007249195811e-01	-1.248142933055061965e-01
6.569073514795999991e-01	-1.240380118340760340e-01
6.560379661795376904e-01	-1.294454821480758300e-01
6.511399381014650878e-01	-1.318961732634890138e-01
6.501899274784073146e-01	-1.371585161002480957e-01
6.535086161215397649e-01	-1.413514957097211644e-01
6.551020931407303127e-01	-1.458552057931763457e-01
6.556119920105043519e-01	-1.506052138636019277e-01
6.548158034884541401e-01	-1.556408140712589594e-01
6.508041719908226330e-01	-1.587869225152277464e-01
6.466747216214037142e-01	-1.621320731448036012e-01
6.413907160713023803e-01	-1.615649061195414404e-01
6.384901364668877921e-01	-1.655403231267725817e-01
6.350304726058977334e-01	-1.690400414571366916e-01
6.339133299173520530e-01	-1.737666255502697821e-01
6.342483238868834583e-01	-1.786118689926994296e-01
6.298667064140535121e-01	-1.817239199163886987e-01
6.297500518024699012e-01	-1.870969846220703614e-01
6.296756088567709853e-01	-1.919742566951180285e-01
6.271647418319188372e-01	-1.961562264953683465e-01
6.285520684098284683e-01	-2.007213725350406319e-01
6.313038960994974413e-01	-2.046191511028510046e-01
6.285928982752131411e-01	-2.086338912277779789e-01
6.294357653968833954e-01	-2.134043442973699856e-01
6.318201755035985911e-01	-2.175056671121045060e-01
6.312058988474176235e-01	-2.222098062020272380e-01
6.295869098963917665e-01	-2.269691688388537631e-01
6.296236802528960563e-01	-2.319962262160125688e-01
6.255814652389997121e-01	-2.348975588000883352e-01
6.210970341065213951e-01	-2.370532745513066475e-01
6.202171714312227913e-01	-2.424433601129457605e-01
6.236887385003608841e-01	-2.466594486762530014e-01
6.185727598415178274e-01	-2.490958705081417479e-01
6.178505230815922733e-01	-2.547161697033140104e-01
6.158637145429173287e-01	-2.472421012433003717e-01
6.095757944683666274e-01	-2.427397497854079100e-01
6.025548376751874713e-01	-2.457420633096166762e-01
5.950871009993172756e-01	-2.441481280131877485e-01
5.879999961342743386e-01	-2.429949172671013180e-01
5.830909853436381240e-01	-2.482350091985869867e-01
5.757808554523269340e-01	-2.488314998843468295e-01
5.726972692385869923e-01	-2.554862197303260363e-01
5.711928450707393079e-01	-2.614541615860548340e-01
5.684604383890565771e-01	-2.669690120641782238e-01
5.678226923965778994e-01	-2.731207854955818304e-01
5.689719279936211738e-01	-2.791978155139983597e-01
5.672664813254399974e-01	-2.855748915206590688e-01
5.631389357790477224e-01	-2.907264946201996159e-01
5.572791453283918450e-01	-2.935255898247927098e-01
5.509733353009549361e-01	-2.950776329903801454e-01
5.513683876404091855e-01	-3.008649619484871085e-01
5.486800696263547383e-01	-3.060052137979166753e-01
5.511766280275987029e-01	-3.110083322036264475e-01
5.542120912475352323e-01	-3.157040707688349990e-01
5.524218061062358132e-01	-3.207615167137332080e-01
5.486236102803079273e-01	-3.245505256660357052e-01
5.467114089706899271e-01	-3.294285849523560517e-01
5.442867972109590724e-01	-3.340732845189520184e-01
5.419088910986364915e-01	-3.392411538150639227e-01
5.388698454000446780e-01	-3.440500530428070025e-01
5.442978281925461292e-01	-3.476147164948338864e-01
5.441372849461576511e-01	-3.541065612702384291e-01
5.456828568147977787e-01	-3.593960467385356461e-01
5.440384184460629324e-01	-3.646556352558907310e-01
5.461252932768232426e-01	-3.696602510116502316e-01
5.502439379664763042e-01	-3.731870046665642926e-01
5.472948858653128301e-01	-3.773653209961975730e-01
5.451246452637026341e-01	-3.819962271037513624e-01
5.429683674277534511e-01	-3.867932729529584002e-01
5.387687428782574894e-01	-3.899593962336395103e-01
5.353660850951491579e-01	-3.939107373551758995e-01
5.308212920243986499e-01	-3.964673039183124192e-01
5.281228864780886934e-01	-4.008416520669693117e-01
5.251023110482697653e-01	-4.050000698298676927e-01
5.286521017180094706e-01	-4.090274207683979313e-01
5.291351529541097332e-01	-4.143741235733379158e-01
5.280413686039333587e-01	-4.198523869149993759e-01
5.313847630502859243e-01	-4.243278139361204016e-01
5.357613679198556245e-01	-4.277604798315325363e-01
5.361515170664921115e-01	-4.333089615136908046e-01
5.369638891983610218e-01	-4.385114225373044627e-01
5.402819364820017345e-01	-4.425999566763791915e-01
5.383089735049850777e-01	-4.479927106098955392e-01
5.398819656457241045e-01	-4.535153977838451977e-01
5.356862138692957132e-01	-4.570492038598276130e-01
5.309036568749425644e-01	-4.597360732179873732e-01
5.336782368403965027e-01	-4.644628696659078848e-01
5.361577906275547534e-01	-4.693508868161805347e-01
5.350668276295560410e-01	-4.748930868850966824e-01
5.314864078419860860e-01	-4.792619283804677721e-01
5.282991020967073847e-01	-4.834244425480062057e-01
5.270506219041748430e-01	-4.885162731930392521e-01
5.226687848007154358e-01	-4.913749005789295188e-01
5.175264208891665607e-01	-4.923384047739467473e-01
5.128169709860406211e-01	-4.936894900803285857e-01
5.090472437654021132e-01	-4.968189479530520369e-01
5.042597146864351565e-01	-4.976588943881311566e-01
5.000000000000000000e-01	-5.000000000000000000e-01
5.000000000000000000e-01	-5.000000000000000000e-01
5.060080045938166737e-01	-4.956535127573780120e-01
5.060599394792737460e-01	-4.882383004666024373e-01
5.000857372756908337e-01	-4.842080239111836715e-01
4.989256789321280250e-01	-4.770954656005629291e-01
4.981287508683669429e-01	-4.705435385378993196e-01
4.928884019913496450e-01	-4.665308603523957709e-01
4.862421669386903789e-01	-4.668538502380799038e-01
4.815368426250408174e-01	-4.621488862695856126e-01
4.820800796620049455e-01	-4.548547139007490525e-01
4.769865849066289298e-01	-4.496052979140333639e-01
4.694064952523134826e-01	-4.508332215412348409e-01
4.644861365134578257e-01	-4.449378313520558903e-01
4.570534836809360124e-01	-4.451842752867679609e-01
4.509887894991606583e-01	-4.408802600424535090e-01
4.471305580061086804e-01	-4.469978746358478361e-01
4.409798576513963564e-01	-4.508031398978016302e-01
4.358030879130896373e-01	-4.508745799712485791e-01
4.307047122680099926e-01	-4.517749212338821874e-01
4.253217743126977979e-01	-4.526147453094030437e-01
4.205352736242670142e-01	-4.500126813847048490e-01
4.147446268434396011e-01	-4.486553479160639846e-01
4.131553454916588874e-01	-4.429240191809205029e-01
4.105291794240705228e-01	-4.381503194873622720e-01
4.054419021085006181e-01	-4.361997896892513271e-01
4.001995423470015023e-01	-4.364829096882424375e-01
3.954722524018957630e-01	-4.341992235062738237e-01
3.914641496158816070e-01	-4.309979184413947895e-01
3.884403235404031429e-01	-4.268542826071386465e-01
3.831945506423829473e-01	-4.270118713951964740e-01
3.792393833687069948e-01	-4.235622889043770822e-01
3.745322270442317247e-01	-4.215522072962863964e-01
3.695171985966716477e-01	-4.225755539650140058e-01
3.644863501318227339e-01	-4.234255861897736617e-01
3.594537423454848835e-01	-4.242651395998046082e-01
3.570257246525322392e-01	-4.293536973177286553e-01
3.515579405346949127e-01	-4.307292068257519979e-01
3.465672836412463376e-01	-4.285741949506151061e-01
3.416993529842549115e-01	-4.309936956281993359e-01
3.367801832178715093e-01	-4.322937723178146285e-01
3.318376461198307981e-01	-4.310855680205730733e-01
3.287875528178358930e-01	-4.260460013478061247e-01
3.229678476097560536e-01	-4.251342268739440877e-01
3.173729075924019982e-01	-4.240543798582689927e-01
3.124323356575413602e-01	-4.268934241220169179e-01
3.078845856214377230e-01	-4.292598839992235460e-01
3.034670109445063435e-01	-4.318612676147336460e-01
2.983445197631953150e-01	-4.328547341489916711e-01
2.932173321939416377e-01	-4.318857969544371844e-01
2.915707938014285849e-01	-4.379234592604919207e-01
2.855199817811469032e-01	-4.395209975840350669e-01
2.800914725304741726e-01	-4.398731971791759454e-01
2.746800618749539735e-01	-4.393169670498421331e-01
2.694275358201121406e-01	-4.384279810450157910e-01
2.647780903404843844e-01	-4.410283623258163255e-01
2.596544065636543497e-01	-4.427610044459029393e-01
2.547435073691406426e-01	-4.404944534840722348e-01
2.483249135985825529e-01	-4.403572544927019106e-01
2.427797752038515222e-01	-4.371217313915698455e-01
2.357284504445478213e-01	-4.381126942354418574e-01
2.328803858709873609e-01	-4.446389271767282603e-01
2.277653195501336825e-01	-4.484685676879376359e-01
2.226141846513535194e-01	-4.522495542214225450e-01
2.241572850680255691e-01	-4.585205068662763228e-01
2.238361365290409966e-01	-4.649705355162777609e-01
2.184784669401812485e-01	-4.670338151155976059e-01
2.130525062398507252e-01	-4.689101670566875324e-01
2.089807941314925088e-01	-4.729566353086707142e-01
2.049516001659332787e-01	-4.770454420778347249e-01
1.986294643203001531e-01	-4.739203655994016495e-01
1.972888042216152105e-01	-4.669966285198693390e-01
1.911114662911914674e-01	-4.705492418096982599e-01
1.846624191825905204e-01	-4.675176817352868497e-01
1.797869663218019110e-01	-4.712801504509041006e-01
1.772263045476440979e-01	-4.768809738468108295e-01
1.712779894235492151e-01	-4.750166501122770057e-01
1.652710693159280542e-01	-4.766825032340545887e-01
1.629024834645034225e-01	-4.708199329959942281e-01
1.572010629727067510e-01	-4.680861200712531645e-01
1.514245879142879225e-01	-4.711512347165606185e-01
1.454198633899344006e-01	-4.685616642355653338e-01
1.400209755703099024e-01	-4.714962437105745252e-01
1.343682989477682499e-01	-4.690864733096840045e-01
1.285277432101832318e-01	-4.664963267115951329e-01
1.233670131191930697e-01	-4.702629984057273838e-01
1.172868628355181464e-01	-4.702244095425009984e-01
1.112761571113075609e-01	-4.711415427222398478e-01
1.069235918398568908e-01	-4.669230779829974809e-01
1.025856123864304914e-01	-4.626896156340305488e-01
9.670388075718783227e-02	-4.646736137937615974e-01
9.050656534231471539e-02	-4.650261720227476525e-01
8.491334948105244695e-02	-4.693895113174134659e-01
8.586365496428816080e-02	-4.764194268901342788e-01
8.423001529147655653e-02	-4.823589352900734539e-01
7.835710851394939169e-02	-4.842178340490177479e-01
7.610852253897570918e-02	-4.897904843903125860e-01
7.034704560917737215e-02	-4.914981009458020411e-01
6.407176960884264361e-02	-4.918296225614019468e-01
5.961589148921042636e-02	-4.962606659650451446e-01
5.360455346128645271e-02	-4.953372714032731050e-01
4.794911160394277339e-02	-4.975744168614137930e-01
4.429733320063622415e-02	-5.031918832678785591e-01
3.760611710062189417e-02	-5.028468594462001118e-01
3.309005125554165261e-02	-5.066151734788824079e-01
2.760888781607984122e-02	-5.087486890555579233e-01
2.094148147982566321e-02	-5.059930869528130870e-01
1.392407181739552247e-02	-5.076674858990044559e-01
1.133552167248030873e-02	-5.148711925991069638e-01
4.042517231596765015e-03	-5.171962879302918203e-01
4.763693920149192351e-03	-5.241453501033890294e-01
-2.823183065110423939e-04	-5.289772567156982852e-01
-5.612898736531701793e-03	-5.332288741521538089e-01
-6.249516598539561762e-03	-5.400175453214373089e-01
-5.321732245453514309e-03	-5.458147972498978984e-01
-7.226736178835513336e-03	-5.513681632329454629e-01
-1.091970185955892791e-02	-5.568479157523260614e-01
-7.926723165194604626e-03	-5.627392451207910984e-01
-4.727366262352594717e-03	-5.678820856661714878e-01
-4.526410625544596833e-03	-5.739355400765893123e-01
-7.317907161015102524e-03	-5.793997088394644557e-01
-6.461801768585795358e-03	-5.854756183790954527e-01
-1.045708844440162988e-02	-5.905963473578357270e-01
-1.160742709244988458e-02	-5.969886006296067915e-01
-8.998876467816052660e-03	-6.027294398015570209e-01
-6.259517999508190655e-03	-6.084090248164666370e-01
-3.912624384678209388e-03	-6.138529938119980933e-01
-4.287984723597704217e-03	-6.197693958165615413e-01
-1.011916866492823530e-03	-6.246674480868645851e-01
0.000000000000000000e+00	-6.304725803766824122e-01
-4.639737100373242384e-03	-6.353248960358595099e-01
-8.398442114974091766e-03	-6.408876529270144395e-01
-1.095446281293399604e-02	-6.481009611231383083e-01
-1.842936334743816573e-02	-6.497413631896868935e-01
-2.244414394612115338e-02	-6.551726861345166242e-01
-2.746885112739905210e-02	-6.596860053043747119e-01
-3.227911269229188918e-02	-6.646054430889893894e-01
-3.871034635936254631e-02	-6.670505847942727051e-01
-4.474896590136767660e-02	-6.636369338767251769e-01
-4.968218177193817198e-02	-6.587603244260606949e-01
-5.602110236400370535e-02	-6.560894416964320186e-01
-6.219822312514000640e-02	-6.530631059698019936e-01
-6.870424474301473072e-02	-6.505174426704249946e-01
-7.568681581109482082e-02	-6.502884880782964228e-01
-8.248746496659464800e-02	-6.524930590900508420e-01
-8.944618906460333196e-02	-6.508544251437828887e-01
-9.438780959430748130e-02	-6.474585245045041404e-01
-9.914681877280351330e-02	-6.438111163493287492e-01
-1.019562801809753561e-01	-6.381981798823279650e-01
-1.074524568839203553e-01	-6.351666504273172364e-01
-1.123554728356387367e-01	-6.314118480782322518e-01
-1.170052425103388360e-01	-6.273476448259649452e-01
-1.233140747610294019e-01	-6.275941762982688576e-01
-1.291659443114783201e-01	-6.252239938372079475e-01
-1.322767839141617552e-01	-6.190742848947770050e-01
-1.353637405542732486e-01	-6.129125528483219121e-01
-1.348091440291232512e-01	-6.059237908807306727e-01
-1.317710698401719505e-01	-5.996055255833738773e-01
-1.373829520262795922e-01	-5.952231207875398056e-01
-1.445012576834611151e-01	-5.950545442878800717e-01
-1.497529800331901528e-01	-5.904733702851574506e-01
-1.522204522174493979e-01	-5.839557538572157647e-01
-1.531236349645642703e-01	-5.786490476258909776e-01
-1.566799424468893198e-01	-5.746080641822937096e-01
-1.600703002967122091e-01	-5.706551055085107294e-01
-1.642167777646071913e-01	-5.675043701602573432e-01
-1.649355679444964862e-01	-5.621492155247111988e-01
-1.637726409374411496e-01	-5.568726691855250266e-01
-1.677641980620789841e-01	-5.530771407059211775e-01
-1.693241394045664761e-01	-5.477946083845126601e-01
-1.668255042420154766e-01	-5.421940691573394755e-01
-1.655523590751162288e-01	-5.361950426784312107e-01
-1.709929048857499190e-01	-5.323375438460073994e-01
-1.717958632983822564e-01	-5.257167362104284702e-01
-1.742200017745789697e-01	-5.196891567941184231e-01
-1.776971601881948137e-01	-5.142012127038124714e-01
-1.841749227907178987e-01	-5.145331270036075377e-01
-1.906341231847998863e-01	-5.139412607128428512e-01
-1.927834251372007035e-01	-5.077967614488569925e-01
-1.991650003334758390e-01	-5.065122895332412334e-01
-2.012792487221615190e-01	-5.006540532227363727e-01
-2.071068072339895538e-01	-4.984566591502045396e-01
-2.099939721930531578e-01	-4.931577921724519253e-01
-2.126196013086426584e-01	-4.877245809216234074e-01
-2.172060061899266925e-01	-4.829586873827906857e-01
-2.238148798577154208e-01	-4.832263435087483794e-01
-2.201440877825860953e-01	-4.777039847889335000e-01
-2.230623587361288962e-01	-4.717495868402862280e-01
-2.189124112178825188e-01	-4.672620110930729709e-01
-2.185768393548633837e-01	-4.611589141729899310e-01
-2.175733417360969923e-01	-4.542183242210663385e-01
-2.227493448860825564e-01	-4.494867507256048444e-01
-2.215282048532126735e-01	-4.431183352511077755e-01
-2.169385854514195300e-01	-4.385375828694159095e-01
-2.228897217015488597e-01	-4.388014863082315697e-01
-2.286042322588107689e-01	-4.371192149913611935e-01
-2.335009168039789973e-01	-4.333657553867250600e-01
-2.396670912841216694e-01	-4.331553490679986851e-01
-2.427988855849749772e-01	-4.388111369801189765e-01
-2.491477325983720847e-01	-4.400310607688121545e-01
-2.538264702899634129e-01	-4.437309228169088460e-01
-2.595491729131286229e-01	-4.454132546059689224e-01
-2.595672017986446756e-01	-4.517533435355918225e-01
-2.620116763646732627e-01	-4.576032663361320196e-01
-2.649956907161115094e-01	-4.631261492746054920e-01
-2.693682737220934875e-01	-4.676302691062116379e-01
-2.760910900634799825e-01	-4.691709893039079926e-01
-2.803422292746740041e-01	-4.746021856449226251e-01
-2.865050083591605956e-01	-4.720254750640660024e-01
-2.931692712442024451e-01	-4.724803197196769666e-01
-2.982272039966014088e-01	-4.748948809359538892e-01
-3.023527478711598437e-01	-4.786886491595058191e-01
-3.023602510962956069e-01	-4.846996854343469385e-01
-3.066559026052222414e-01	-4.889044436330666210e-01
-3.085591265536662409e-01	-4.940151558192157344e-01
-3.088527247463603853e-01	-4.994608367269471882e-01
-3.128467976489681668e-01	-5.033416625211459827e-01
-3.144562738157886672e-01	-5.086729863403021135e-01
-3.212057465695258296e-01	-5.070421544003653747e-01
-3.280091092144031828e-01	-5.056531792414635795e-01
-3.334706614165762195e-01	-5.100533957402413332e-01
-3.374758483936938225e-01	-5.158109069188241413e-01
-3.368690015893101020e-01	-5.219936490744263580e-01
-3.387982258698543081e-01	-5.278989566262826116e-01
-3.401945377739141740e-01	-5.338862640238715151e-01
-3.432845304570267819e-01	-5.392012882030217114e-01
-3.498249649212721302e-01	-5.399975697321701684e-01
-3.557103662605540784e-01	-5.370355774414428129e-01
-3.619465415488771765e-01	-5.389534800910018575e-01
-3.683138232159757219e-01	-5.375301189380585765e-01
-3.755030094882843006e-01	-5.338742782410428322e-01
-3.821824470230629212e-01	-5.383947521850998008e-01
-3.884707072161068808e-01	-5.347373538733135589e-01
-3.915842250243708467e-01	-5.281627979549186058e-01
-3.953262142064434270e-01	-5.342751319088885342e-01
-4.002691845005215132e-01	-5.394645590521736089e-01
-4.015033052203259567e-01	-5.465009619199352464e-01
-4.036972152094295829e-01	-5.532995484074492154e-01
-4.115779622479647237e-01	-5.536574331306591823e-01
-4.184329573353364751e-01	-5.497531665269810297e-01
-4.270599694944969826e-01	-5.503117060364330904e-01
-4.312200854634016256e-01	-5.578900132552773172e-01
-4.339204326429243475e-01	-5.504440350436599072e-01
-4.399991452149621951e-01	-5.453662678291861798e-01
-4.410079491899550064e-01	-5.365845838498488618e-01
-4.338881609477442947e-01	-5.313458555347909673e-01
-4.365852610082585628e-01	-5.248557935283082454e-01
-4.381193276048870322e-01	-5.179970842283359023e-01
-4.424983988401304247e-01	-5.121725557052327904e-01
-4.493067010943293527e-01	-5.095747840033217901e-01
-4.564232401046591781e-01	-5.129696261965368542e-01
-4.630817756887417591e-01	-5.087465959008978800e-01
-4.687478857597323634e-01	-5.136372981931802695e-01
-4.762064929876193009e-01	-5.130104405790214539e-01
-4.837867194617794242e-01	-5.131932208479921265e-01
-4.885221558480767889e-01	-5.072713221442304299e-01
-4.944633138864817923e-01	-5.039548922673224851e-01
-5.000000000000000000e-01	-5.000000000000000000e-01
-5.000000000000000000e-01	-5.000000000000000000e-01
-5.019110390177190517e-01	-4.940753478439077195e-01
-4.989051651795036735e-01	-4.886238988836159036e-01
-4.955490699474342509e-01	-4.839868935643317771e-01
-4.927561809486748490e-01	-4.789903983348338112e-01
-4.958125031154711482e-01	-4.736278575467247620e-01
-4.949092741230299297e-01	-4.675219484187901342e-01
-4.916999034034439386e-01	-4.625796876980752259e-01
-4.899924885578510469e-01	-4.569395869904365748e-01
-4.936345270985719180e-01	-4.520183562904522834e-01
-4.942095007684477181e-01	-4.459230825793288888e-01
-4.996017464754436976e-01	-4.434398147199840601e-01
-5.042929166727125878e-01	-4.398017032310207464e-01
-5.062603643122218777e-01	-4.338002486592317242e-01
-5.119040717865076529e-01	-4.309653107170277053e-01
-5.119669959518107216e-01	-4.250981328118842439e-01
-5.133238454943072071e-01	-4.193896570660997636e-01
-5.115130407422474601e-01	-4.124245555996868262e-01
-5.130609018957115186e-01	-4.053963425880383609e-01
-5.202485281742166290e-01	-4.035732409241095109e-01
-5.247254634572172671e-01	-3.976620040257690114e-01
-5.309246079382299310e-01	-3.965113672636136899e-01
-5.370041255426930560e-01	-3.981825413873709696e-01
-5.429281420458544893e-01	-3.949924416901264834e-01
-5.492597872877925669e-01	-3.972686174606530063e-01
-5.462275467332075030e-01	-3.914925239907693921e-01
-5.447157708129679587e-01	-3.851464801742893185e-01
-5.488952458947965463e-01	-3.802019740730063768e-01
-5.528687477084488489e-01	-3.750904737177143122e-01
-5.562130089452618220e-01	-3.704561209111493225e-01
-5.609330280569015947e-01	-3.672338967194579418e-01
-5.651930497278079280e-01	-3.635308919961812713e-01
-5.699477051256192084e-01	-3.604889714407978341e-01
-5.743713614894606634e-01	-3.566557155651119970e-01
-5.796091715813693757e-01	-3.540426844372961401e-01
-5.817310415852531280e-01	-3.485639255337705800e-01
-5.853983649253222676e-01	-3.439737326232574777e-01
-5.885999462523896497e-01	-3.388216745099229543e-01
-5.896201968158581996e-01	-3.328423004135191432e-01
-5.933464316517955695e-01	-3.276341648525661343e-01
-5.996296254477921917e-01	-3.263968379774976336e-01
-5.971044825016332824e-01	-3.207879742332564454e-01
-5.987605527063327715e-01	-3.148640286834472057e-01
-5.945130461800014476e-01	-3.104459070103768870e-01
-5.939591197055635874e-01	-3.043422788868590523e-01
-5.942297050550501281e-01	-2.975221939553573947e-01
-5.992702949100034981e-01	-2.929201043410200045e-01
-5.970370501032605803e-01	-2.870049879527442060e-01
-5.938048717256505515e-01	-2.815709280350581212e-01
-5.947247304061233919e-01	-2.754480311788145563e-01
-5.991793880417906060e-01	-2.711477949930647391e-01
-6.013412478078470347e-01	-2.650364892905812120e-01
-5.980029169173771697e-01	-2.594797598655476101e-01
-5.942297485286496261e-01	-2.546304800212224606e-01
-5.943873048099188594e-01	-2.484882092101539097e-01
-5.886287182233523874e-01	-2.460965589253395480e-01
-5.861279497563678387e-01	-2.403845130891812953e-01
-5.860542013272858064e-01	-2.323448047804226313e-01
-5.790033710645562381e-01	-2.284811095120438118e-01
-5.720468385571569891e-01	-2.260064992843089371e-01
-5.651311651676305114e-01	-2.285930997318283975e-01
-5.630342834448556211e-01	-2.218854226582873679e-01
-5.582506588271772818e-01	-2.167369490787343089e-01
-5.636333066219639809e-01	-2.117861909908067553e-01
-5.644700328909886267e-01	-2.045210143185829388e-01
-5.701006082190819280e-01	-2.057995308860108841e-01
-5.758680657204956477e-01	-2.055267358935566335e-01
-5.815868843812365130e-01	-2.051369707743881943e-01
-5.872141210996166816e-01	-2.040456364361251662e-01
-5.913163999025976558e-01	-2.088639803767058378e-01
-5.963999390666230305e-01	-2.126326352129754849e-01
-6.031171911053589962e-01	-2.155388217538433127e-01
-6.088697075742223186e-01	-2.110137859045179143e-01
-6.095308635426752719e-01	-2.040764899819633715e-01
-6.104396941913855512e-01	-1.971672766559993129e-01
-6.150085334206110144e-01	-1.911027406228829051e-01
-6.225574366197782483e-01	-1.902860707452220801e-01
-6.277929608131884720e-01	-1.859159180641498654e-01
-6.346117984878528739e-01	-1.860272769535249449e-01
-6.411871539324816016e-01	-1.851684717836845628e-01
-6.472723807073403890e-01	-1.878034026445413174e-01
-6.487228101142498149e-01	-1.818663250229011208e-01
-6.543618409245476331e-01	-1.795096392843431587e-01
-6.561372603159546513e-01	-1.742851679051133917e-01
-6.593828031003603485e-01	-1.698226946847603003e-01
-6.628865571726159089e-01	-1.651921372932970700e-01
-6.626881443097145663e-01	-1.593887773449293999e-01
-6.624711632648923043e-01	-1.539077919476704581e-01
-6.630030151457851906e-01	-1.484483583437543608e-01
-6.696815128825593932e-01	-1.459363607570600685e-01
-6.765770046708320384e-01	-1.477706608670528166e-01
-6.793905193946881971e-01	-1.414414790985213388e-01
-6.843964569169099788e-01	-1.366545180078000410e-01
-6.846524513788116995e-01	-1.291305768911910068e-01
-6.788823190563921806e-01	-1.242952076113434945e-01
-6.801399689528053738e-01	-1.173426306270648478e-01
-6.850202400908509404e-01	-1.122335246775441053e-01
-6.914520092480808122e-01	-1.074157033961272711e-01
-6.910173810549733453e-01	-9.939135577620683559e-02
-6.981847065282942300e-01	-1.001411458164515045e-01
-7.051474279255179889e-01	-9.828285351177878937e-02
-7.078418715328474997e-01	-9.255567983302448454e-02
-7.099923734705352318e-01	-8.660287493821283711e-02
-7.160175837827406076e-01	-8.401835519926159623e-02
-7.198802792468109724e-01	-7.872095155793079613e-02
-7.148561706510062619e-01	-7.387738074275573830e-02
-7.087134061757557335e-01	-7.056553986106250953e-02
-7.069966516062282658e-01	-6.380872889842204021e-02
-7.070550545561011813e-01	-5.683747867107413754e-02
-7.119166739492863716e-01	-5.145342399218888474e-02
-7.102937448264118325e-01	-4.438309946133833783e-02
-7.094134037883843558e-01	-3.800090636363862018e-02
-7.091855191828061455e-01	-3.156231508245732620e-02
-7.131268805901654906e-01	-2.673786159671809326e-02
-7.140077294304429945e-01	-2.057070775559610709e-02
-7.178232813617205776e-01	-1.592420799786831154e-02
-7.210525030482952680e-01	-1.085266741952373160e-02
-7.263765379865660954e-01	-7.434353753033029477e-03
-7.326748230954405194e-01	-8.035869366941783554e-03
-7.385776152812130180e-01	-7.012708766168884722e-03
-7.445614844563420709e-01	-6.724398346081628119e-03
-7.483677352834814389e-01	-2.042128760587180736e-03
-7.534110003233143171e-01	1.270977269763218231e-03
-7.584958273362765180e-01	4.614278373824109991e-03
-7.644829419333292186e-01	5.704042947447196532e-03
-7.702925233601339849e-01	9.966284652290324786e-03
-7.769835397143116662e-01	7.292665222882632747e-03
-7.814336917408165606e-01	2.676724760585780238e-03
-7.872600030924817860e-01	0.000000000000000000e+00
-7.930216250598876027e-01	2.386168093810092650e-03
-7.989633639123969733e-01	4.279795637915029261e-03
-8.056180648670878686e-01	6.783132301057759328e-03
-8.070708368984612635e-01	1.374310303880199591e-02
-8.086085264363812586e-01	1.979858011467672263e-02
-8.128944933702415554e-01	2.434432308731926398e-02
-8.181636876049729334e-01	2.889649869940680293e-02
-8.169247162216131120e-01	3.574862687960211893e-02
-8.204487925223707956e-01	4.066224991923950149e-02
-8.217121101524418325e-01	4.657552597526537497e-02
-8.228856206944268337e-01	5.248992628027371321e-02
-8.261880233521219363e-01	5.753486380679262435e-02
-8.332043709529889375e-01	5.743304126144788135e-02
-8.372997388887254422e-01	6.313106398497880800e-02
-8.395667425560817687e-01	6.896271747177351585e-02
-8.430256077797144698e-01	7.417652024734888716e-02
-8.375866855994754667e-01	7.829853044838075427e-02
-8.334178717440512418e-01	8.370166228269049213e-02
-8.373308777574690609e-01	9.018962675931652129e-02
-8.344380485932944014e-01	9.719225758907634738e-02
-8.302352161082660054e-01	1.024394482530522899e-01
-8.280566022265152260e-01	1.087995152586404002e-01
-8.220996350064895264e-01	1.119499183772735273e-01
-8.154055016092316421e-01	1.127239185904986840e-01
-8.190823979044177250e-01	1.185553300798449783e-01
-8.227369527456396270e-01	1.244007689201831468e-01
-8.235325095231145198e-01	1.315377284848840977e-01
-8.203658740278256811e-01	1.379829997789675522e-01
-8.188491110888744817e-01	1.451477029930035023e-01
-8.186747114299923744e-01	1.524691186154891742e-01
-8.124548532595110562e-01	1.563192608514321069e-01
-8.057066416838417622e-01	1.591427111215618639e-01
-7.995385005320627680e-01	1.602143157770213877e-01
-7.936858133072131061e-01	1.624370065008857722e-01
-7.876122491142709681e-01	1.663741822576284557e-01
-7.812325375247934911e-01	1.629552913584684237e-01
-7.745123680725793935e-01	1.654941736466662983e-01
-7.720703941454246655e-01	1.722501609230674413e-01
-7.706927658434530315e-01	1.786480896706926780e-01
-7.702988916920208151e-01	1.851807931807958330e-01
-7.672971383820379465e-01	1.905762945171916023e-01
-7.663633462705847776e-01	1.966795714974398646e-01
-7.598309794349686896e-01	1.991512229973759762e-01
-7.585933433161268225e-01	2.060250235799889751e-01
-7.570445361441378029e-01	2.126558004393327428e-01
-7.617777496766484635e-01	2.175509710257446105e-01
-7.613719676403813974e-01	2.239985411934384274e-01
-7.656033668840019901e-01	2.288802499689983616e-01
-7.675510091149632119e-01	2.346976905966063898e-01
-7.638920037060621393e-01	2.396218763296185106e-01
-7.620213451586637099e-01	2.447285970975049407e-01
-7.601288673874259105e-01	2.498272722477264951e-01
-7.542657186390138158e-01	2.506908068582842652e-01
-7.509893891771464158e-01	2.556292145497305324e-01
-7.454981957166766371e-01	2.571231205078081672e-01
-7.419311762372741148e-01	2.615572306401175995e-01
-7.360264451500034832e-01	2.584118102887335011e-01
-7.297846340923614950e-01	2.608199865946919660e-01
-7.267720216845525716e-01	2.662115866202318104e-01
-7.221129789695408530e-01	2.702660292865896041e-01
-7.170759091991061318e-01	2.736704626869462809e-01
-7.167771156482344308e-01	2.797427737020086180e-01
-7.170121016732949881e-01	2.855430318017270208e-01
-7.133860811815748715e-01	2.900762633035309790e-01
-7.125969494762466327e-01	2.957218557775449508e-01
-7.127261151833857999e-01	3.014208696791857989e-01
-7.122037684584603401e-01	3.079059202458203082e-01
-7.064114532779114386e-01	3.108686574602943509e-01
-7.016032237898779389e-01	3.145617069839846680e-01
-6.990433843320658092e-01	3.200576061410154161e-01
-6.969477219479229824e-01	3.261116954214084984e-01
-6.998839915733533479e-01	3.318057377930506702e-01
-6.931520820832692831e-01	3.323878413371502694e-01
-6.872302150357616490e-01	3.291337760965042936e-01
-6.800054476988083296e-01	3.297759794102816944e-01
-6.762643769338574362e-01	3.359900020768774587e-01
-6.699507264355035741e-01	3.383906437428879643e-01
-6.676478995701218278e-01	3.447406241721511222e-01
-6.631792196624275437e-01	3.496612171797192081e-01
-6.635016861983987768e-01	3.563002947509437135e-01
-6.599172819299694570e-01	3.621010764990372222e-01
-6.532716734422086002e-01	3.636284633773199104e-01
-6.557411140438995645e-01	3.699613361809431789e-01
-6.530674549289042785e-01	3.762107330933625038e-01
-6.574201847207010729e-01	3.803671566578179508e-01
-6.586750286626875672e-01	3.862533676775499192e-01
-6.572696487097265949e-01	3.921373805396833889e-01
-6.596052927030773283e-01	3.977178345812699689e-01
-6.570385616952858499e-01	4.029458941823195195e-01
-6.588854176184415490e-01	4.084694653511911078e-01
-6.571884983990140539e-01	4.138016955871068880e-01
-6.529662517212772022e-01	4.174738675763273177e-01
-6.538479625815070140e-01	4.233524259479105600e-01
-6.495014239542257206e-01	4.274073568389014088e-01
-6.466906607091020831e-01	4.325075849573249975e-01
-6.488679932918239857e-01	4.379086903723594659e-01
-6.428204649892145239e-01	4.423836274240818822e-01
-6.356769453883313048e-01	4.400240113749038784e-01
-6.362707646122288674e-01	4.476517183258057475e-01
-6.300882087305879065e-01	4.521584396806147543e-01
-6.233206465097154148e-01	4.504230509327961096e-01
-6.204996279265915238e-01	4.440313902195616169e-01
-6.141978593748069759e-01	4.413366267297120782e-01
-6.079304764629465119e-01	4.441104235107700138e-01
-6.021418099364864718e-01	4.416323535662753930e-01
-5.958501925483468131e-01	4.413773213219905900e-01
-5.917328410179207854e-01	4.461116774807356578e-01
-5.863266524814370051e-01	4.492959886104683775e-01
-5.820795791117709950e-01	4.531716888749611760e-01
-5.776679938815033610e-01	4.568590457201281430e-01
-5.732955912279447119e-01	4.614324314427735718e-01
-5.739227094011419839e-01	4.677285004330078433e-01
-5.672657889666989917e-01	4.711970514593112336e-01
-5.600013350330431683e-01	4.693067750408027594e-01
-5.593677034465029951e-01	4.771674192180951346e-01
-5.525876887785284852e-01	4.811951502135205505e-01
-5.497405084979910539e-01	4.869167287107812880e-01
-5.477526805971106860e-01	4.929905608031820430e-01
-5.456503604401364838e-01	4.991859319305553822e-01
-5.464830316436583013e-01	5.056750791869470962e-01
-5.394963120012448154e-01	5.065680818956779241e-01
-5.324761293254650640e-01	5.071414407694827542e-01
-5.255184231332380440e-01	5.035302553400813341e-01
-5.240981646066544819e-01	4.958209621571399994e-01
-5.176332733779355211e-01	4.961452736048433954e-01
-5.114251333449796322e-01	4.943125177985530083e-01
-5.071668946461543870e-01	5.000777433871268496e-01
-5.000000000000000000e-01	5.000000000000000000e-01

0.000000000000000	0.000000000000000