-4.35695538057743     -0.546806649168854
-4.20166229221347     -1.23140857392826
-4.51006124234471     -2.60279965004374
-5.35433070866142     -2.90682414698163
-5.96675415573053     -3.89763779527559
-5.5074365704287     -4.582239720035
-4.58661417322835     -5.19247594050744
-3.43613298337708     -5.1159230096238
-3.51268591426072     -4.42913385826772
-3.58923884514436     -3.51706036745407
-2.13035870516185     -3.51706036745407
-1.97725284339458     -4.20166229221347
-2.13035870516185     -5.19247594050744
-2.20691163604549     -6.41076115485564
-0.979877515310586     -7.32283464566929
-0.0590551181102359     -7.17191601049869
0.708661417322835     -6.79133858267716
2.16754155730534     -6.41076115485564
2.24409448818898     -5.2668416447944
2.0909886264217     -4.27821522309711
2.55030621172354     -2.83027121609799
3.54768153980752     -2.22222222222222
4.39195100612424     -1.61198600174978
4.93000874890639     -0.697725284339457
5.08311461067367     0.290901137357831
4.93000874890639     0.977690288713911
4.77690288713911     1.66229221347332
4.85345581802275     2.72747156605424
5.46806649168854     3.64173228346457
5.54461942257218     4.78346456692913
4.70034995625547     5.39370078740158
3.70297462817148     5.62117235345582
2.78215223097113     4.93657042869641
2.32064741907262     3.79483814523185
2.0909886264217     2.5
1.47637795275591     2.04286964129484
0.708661417322835     2.19597550306212
-0.212160979877515     2.04286964129484
-0.594925634295713     2.6509186351706
-0.0590551181102359     3.64173228346457
-0.365266841644794     4.40288713910761
-1.28608923884514     4.63254593175853
-2.05380577427822     4.25196850393701
-3.0511811023622     3.56517935258093
-3.665791776028     3.48862642169729
-4.51006124234471     3.48862642169729
-5.27777777777778     2.88057742782152
-5.12248468941382     2.04286964129484
-4.73972003499563     0.748031496062992

-0.594925634295713 -0.623359580052493
