6.1570428696413     3.64173228346457
6.1570428696413     5.01312335958005
5.08311461067367     6.68853893263342
3.24146981627297     7.67716535433071
1.17016622922135     7.67716535433071
-0.903324584426946     6.83945756780403
-1.5923009623797     4.78346456692913
-2.36001749781277     3.18460192475941
-3.97200349956255     2.57655293088364
-5.35433070866142     2.11942257217848
-6.81102362204724     2.04286964129484
-8.11679790026247     1.88976377952756
-8.11679790026247     0.290901137357831
-8.11679790026247     -1.3079615048119
-8.11679790026247     -2.98337707786527
-8.19335083114611     -4.20166229221347
-7.3490813648294     -4.35476815398075
-5.66054243219598     -4.35476815398075
-3.97200349956255     -4.42913385826772
-2.97462817147856     -4.88626421697288
-1.74759405074366     -5.95363079615048
-0.441819772528434     -6.25765529308836
1.01706036745407     -6.25765529308836
2.62685914260717     -6.10454943132109
4.16229221347332     -5.57305336832896
4.85345581802275     -4.73534558180227
5.46806649168854     -3.51706036745407
5.69772528433946     -2.37314085739283
5.69772528433946     -1.3079615048119
5.31277340332459     -0.242782152230971
4.85345581802275     0.671478565179353
4.23884514435696     1.05205599300088
4.70034995625547     1.8153980752406
5.46806649168854     2.57655293088364

-0.441819772528434 -0.393700787401574
