-5.000000000000000000e-01	5.000000000000000000e-01
-4.941307321062284874e-01	5.023176524037697988e-01
-4.881212991786223476e-01	5.003924162722368507e-01
-4.831940692881286914e-01	5.043187654383828322e-01
-4.818143437549750052e-01	5.104661363903778559e-01
-4.765520104868157802e-01	5.128552160500390311e-01
-4.747356417244589233e-01	5.183416226668069449e-01
-4.730545364916766693e-01	5.234173626146736424e-01
-4.700364976230445024e-01	5.278310563296341185e-01
-4.651474838591064254e-01	5.321358973144579840e-01
-4.660022587865355614e-01	5.385937198044334906e-01
-4.653522340812112912e-01	5.443108827085161305e-01
-4.652701997545175550e-01	5.500642951010529247e-01
-4.625615111752839348e-01	5.559344074594341212e-01
-4.563373225780750220e-01	5.576821743848746626e-01
-4.501928681163223089e-01	5.569378549161057013e-01
-4.448362030307749793e-01	5.600385760040815786e-01
-4.389503625786733143e-01	5.622429848954805243e-01
-4.327361052574465461e-01	5.631840174845309521e-01
-4.266056483665283672e-01	5.618358791092854521e-01
-4.203325537424498215e-01	5.616161915867152743e-01
-4.187263128149250613e-01	5.552276014913484214e-01
-4.178523339353206190e-01	5.486984166845075839e-01
-4.106220362381088895e-01	5.473590789996676254e-01
-4.073558530313542425e-01	5.407709777949006869e-01
-4.052959742623154504e-01	5.472796027436828137e-01
-3.990482899332873368e-01	5.500312821930124496e-01
-3.926852340010992259e-01	5.488086148618780413e-01
-3.866625330827743179e-01	5.511982738013890826e-01
-3.803157868657128238e-01	5.475244786448099088e-01
-3.740633199658565111e-01	5.513565298008475946e-01
-3.697123093446237352e-01	5.467994608470523321e-01
-3.652429447674305774e-01	5.423584079142608205e-01
-3.602508794163167272e-01	5.390030619007092350e-01
-3.542684544060428209e-01	5.396272848872276651e-01
-3.485927449854208660e-01	5.403905678336869967e-01
-3.429628447324464258e-01	5.393415199676434568e-01
-3.412321403852024426e-01	5.449888041662298566e-01
-3.381541732365596076e-01	5.500299622265417687e-01
-3.341050813585405010e-01	5.545589135886453969e-01
-3.283153640517901262e-01	5.563989459212024258e-01
-3.230003400057809282e-01	5.596032186414757748e-01
-3.174776186388806876e-01	5.567718951030703467e-01
-3.133609892058490942e-01	5.532086332551258145e-01
-3.099568438743391385e-01	5.489594842288055832e-01
-3.045005591916331023e-01	5.469907342995147248e-01
-2.988464445592886043e-01	5.482861132198015852e-01
-2.934768387826914848e-01	5.450923656813613238e-01
-2.929100391799779324e-01	5.388705148517670684e-01
-2.882280647659232753e-01	5.422029852451182297e-01
-2.825065398984797915e-01	5.416641007234898053e-01
-2.800675375682580848e-01	5.361814242354420168e-01
-2.742374915379029443e-01	5.347604959742834341e-01
-2.727481974399913467e-01	5.295382546372583432e-01
-2.675787114508489939e-01	5.278750600905289803e-01
-2.661047206046009972e-01	5.229942054861889122e-01
-2.618324403668371714e-01	5.202115786241137130e-01
-2.567519373623169399e-01	5.177373207876122541e-01
-2.517246805509651963e-01	5.203180477342586041e-01
-2.507699395307164125e-01	5.146495703267687238e-01
-2.455000442142041828e-01	5.123536239232194811e-01
-2.420057319569884902e-01	5.092120050698023537e-01
-2.383848180127327576e-01	5.062171813054768821e-01
-2.334971776725588977e-01	5.068602172383184223e-01
-2.291358772214782680e-01	5.045620480362742466e-01
-2.258112980622866139e-01	4.991112197754543622e-01
-2.211961848611676551e-01	4.946992944071439413e-01
-2.193036987320930442e-01	4.880743607758348812e-01
-2.228051737870864746e-01	4.821404816224270085e-01
-2.163214538085020400e-01	4.807202792656241064e-01
-2.098496822238754556e-01	4.821939726025786799e-01
-2.080607917008560626e-01	4.753504842964706434e-01
-2.018146165239239065e-01	4.720310329625507229e-01
-2.034127639022259570e-01	4.668536903326802046e-01
-2.045414417504882731e-01	4.615541584604588299e-01
-2.057930719562681143e-01	4.562564131861962524e-01
-2.081327585506804745e-01	4.513412784166382363e-01
-2.087385378202059605e-01	4.447758222791022287e-01
-2.133293394699756762e-01	4.400433046584517616e-01
-2.109621494223773430e-01	4.341274156838303422e-01
-2.062978290686162119e-01	4.297862814174218671e-01
-2.019881884591038790e-01	4.260277498212949876e-01
-1.963574095898507066e-01	4.270246907763242117e-01
-1.922283384390367500e-01	4.235775115262324642e-01
-1.868888523775574240e-01	4.229277716167181289e-01
-1.812343164754996461e-01	4.217186209199404456e-01
-1.760476514084765021e-01	4.191623879184908086e-01
-1.745505080976181289e-01	4.136133831272122419e-01
-1.724368736057424467e-01	4.082687183574035261e-01
-1.668528784153622824e-01	4.073567939415169148e-01
-1.623631983780910448e-01	4.107999584147025707e-01
-1.571349306629464815e-01	4.136136537044413641e-01
-1.519771537475266276e-01	4.106727351786262359e-01
-1.470872000483784414e-01	4.072654679080709439e-01
-1.440928335591993292e-01	4.021123245216230990e-01
-1.382162343727396103e-01	4.021226720495357232e-01
-1.325717930234151520e-01	4.037581557466935478e-01
-1.259901164687968200e-01	4.041752135152715808e-01
-1.210491974931506287e-01	3.998071792745582775e-01
-1.189527567705431776e-01	3.936898058221494079e-01
-1.134574876817867062e-01	3.902810906240429256e-01
-1.135613067641247920e-01	3.827160718525342009e-01
-1.199038329744808173e-01	3.785914326336346503e-01
-1.169552520697852982e-01	3.725956412624332748e-01
-1.134728391863526475e-01	3.668933220826775532e-01
-1.078010430526553654e-01	3.671622779902429246e-01
-1.028918836487250354e-01	3.643089005863160423e-01
-9.778280062532673789e-02	3.661964768200258735e-01
-9.261925975656909449e-02	3.679295431992255505e-01
-8.683746327227681583e-02	3.685089737156407863e-01
-8.260161324781928327e-02	3.645312249956446093e-01
-7.731944495919756966e-02	3.620285412091195365e-01
-7.202328994266593565e-02	3.645014888441338585e-01
-6.991088309341442208e-02	3.698322788590043819e-01
-6.526018253152376936e-02	3.731864656699971916e-01
-6.037631297506357297e-02	3.768337081115818443e-01
-5.446589088006753565e-02	3.753432484740211184e-01
-4.935051864895317886e-02	3.767963831593716395e-01
-4.403621027550336242e-02	3.766046542139687703e-01
-3.955462947829996301e-02	3.793580213858980255e-01
-3.481379989465371860e-02	3.816362075249447594e-01
-2.882250326935908991e-02	3.803836259542557885e-01
-2.390034274824726079e-02	3.767453665286643605e-01
-1.859686746779182220e-02	3.805539067485740334e-01
-1.220261942404249345e-02	3.792327630727844734e-01
-6.486882100649182803e-03	3.763541436126883188e-01
-5.480613713190252145e-03	3.700340544457163539e-01
4.173222760595063363e-05	3.665664729493691709e-01
0.000000000000000000e+00	3.600458376624652290e-01
4.969297153044172077e-03	3.608707871622389707e-01
9.945821807098909062e-03	3.600906216413299887e-01
1.408976878420709067e-02	3.628563966202589253e-01
1.853833672021087953e-02	3.650996199934236630e-01
2.349138831528452265e-02	3.674606609630511334e-01
2.877456079142037826e-02	3.689423232562616395e-01
3.252066192331271033e-02	3.648126248381320380e-01
3.756906059799047792e-02	3.624459069553712665e-01
4.243890840551378663e-02	3.637241821974143141e-01
4.652395367684825089e-02	3.666672775737158108e-01
5.173757339231976893e-02	3.685676701892119933e-01
5.328858986425599742e-02	3.738956783099236514e-01
5.632802334470965455e-02	3.790038425229864671e-01
6.206752329825393488e-02	3.805496878558011775e-01
6.134985629648581629e-02	3.860258858345371191e-01
6.144921799920288752e-02	3.915480156301658909e-01
6.696397003813170379e-02	3.935461741986893136e-01
7.206581060388617122e-02	3.906519816416096358e-01
7.822202048641713201e-02	3.904048267679861572e-01
8.148524427546266491e-02	3.956308554850843651e-01
8.518838671960304865e-02	3.917845105050989929e-01
8.693144439639965970e-02	3.867377904215186790e-01
9.021907658450289968e-02	3.823823119515247781e-01
9.538993079956359367e-02	3.806384699880936973e-01
9.938003558540409177e-02	3.835978075446556668e-01
1.023820996288271612e-01	3.875558659644938175e-01
1.077647297982690100e-01	3.874143828116772270e-01
1.114675219496785719e-01	3.913236097566082927e-01
1.163794596512071067e-01	3.916460614744947666e-01
1.210992247645765740e-01	3.902478753750481810e-01
1.258936200380528225e-01	3.893651305297556320e-01
1.303817802287048355e-01	3.874620060978627434e-01
1.328789275326686115e-01	3.824580410252753637e-01
1.382999777162142729e-01	3.810841319988669262e-01
1.394902946574964053e-01	3.759587625076521999e-01
1.430770648782990762e-01	3.721089123514328967e-01
1.476404597584223266e-01	3.699227735720141963e-01
1.526673461784276986e-01	3.693446831680301523e-01
1.575777078949146537e-01	3.681308872221187856e-01
1.618356954139662518e-01	3.654005950998994168e-01
1.622464736297167809e-01	3.714389114740467290e-01
1.666219266732443804e-01	3.756204678877180791e-01
1.722637129577840875e-01	3.758605744545803207e-01
1.778693768532064734e-01	3.765417028825811530e-01
1.830868727270827945e-01	3.768747074224041427e-01
1.869692119559310806e-01	3.803762209993598042e-01
1.918745084018116387e-01	3.809459015431987949e-01
1.967979349150145163e-01	3.813284463289260962e-01
2.016036974448133234e-01	3.839534673439616852e-01
2.069987063639742164e-01	3.848915332181783722e-01
2.115609090414898308e-01	3.810219251315686284e-01
2.174418775575462925e-01	3.821181775330884101e-01
2.207978204615983486e-01	3.779810968268381699e-01
2.253370887077608131e-01	3.751931166736326984e-01
2.275362290340882110e-01	3.704156111154118247e-01
2.302596630059434712e-01	3.659163128440527935e-01
2.346046196700308784e-01	3.675774447689160729e-01
2.391562338531197929e-01	3.685370363554272277e-01
2.419599554653799611e-01	3.731070731689094533e-01
2.473188969653861147e-01	3.729402278658600078e-01
2.509145794542485541e-01	3.764004547211710072e-01
2.536545087962194245e-01	3.805711728430218876e-01
2.585944808826313723e-01	3.810342680666598536e-01
2.634949622492206434e-01	3.818108398768599310e-01
2.650338841497388298e-01	3.878566328260208418e-01
2.704069435839715485e-01	3.910268260876724189e-01
2.734194126691187332e-01	3.960475388094656379e-01
2.780111950545834931e-01	3.996804523438453050e-01
2.838988857727100523e-01	3.977853841320935779e-01
2.895103161984368123e-01	4.003869286919143899e-01
2.948506147479134087e-01	4.037276988734804228e-01
3.009144847389891853e-01	4.020221154733166768e-01
3.060542836178971049e-01	4.048044950569702483e-01
3.095559164397639895e-01	4.094839967659110735e-01
3.097800873687195367e-01	4.159882721764511793e-01
3.153803079684930344e-01	4.193038988827345603e-01
3.204587935047076286e-01	4.229126930270247775e-01
3.253798250897805833e-01	4.267334074440049529e-01
3.305907916372924360e-01	4.218512331715166264e-01
3.374745993480879891e-01	4.237493873767970709e-01
3.322166432581021844e-01	4.291349559507680045e-01
3.331073277191320958e-01	4.366087188785068851e-01
3.328359807522526248e-01	4.435977763160078857e-01
3.358491905562211999e-01	4.499097585496957263e-01
3.419452007387226988e-01	4.527422061898796479e-01
3.463445242589194839e-01	4.578245336433391377e-01
3.529840972091193851e-01	4.593442325805728865e-01
3.579397079913406721e-01	4.640170620869840667e-01
3.571420794972384183e-01	4.697515335423443905e-01
3.542167365317652195e-01	4.747478064153270449e-01
3.534885250408876800e-01	4.803802902754382154e-01
3.528657450033324539e-01	4.860254042189012802e-01
3.512511024220161815e-01	4.923440682148360614e-01
3.545991201832382478e-01	4.979407960471916583e-01
3.507489292335633779e-01	5.026289368454142092e-01
3.481604458194549334e-01	5.081155011718212489e-01
3.534128599717616392e-01	5.114734189522692764e-01
3.585629153521544543e-01	5.149863089059240062e-01
3.598701746137462631e-01	5.213806567934048397e-01
3.645678002396409711e-01	5.259115424863003430e-01
3.697038811918931245e-01	5.314903805269027837e-01
3.772715215931371491e-01	5.310070791832048887e-01
3.833349327382753469e-01	5.277613494526952609e-01
3.886410495510765895e-01	5.233858677000872150e-01
3.848664331600790689e-01	5.165365298123136828e-01
3.875254563481101977e-01	5.091818881428922250e-01
3.928678097230641209e-01	5.044358776364777919e-01
3.988883794661268745e-01	5.005864497206963248e-01
4.058671693623445709e-01	5.028717191564825439e-01
4.120647791802036775e-01	5.068107034615116913e-01
4.172262676655953406e-01	5.015401942968039650e-01
4.237629112902068229e-01	4.981209077681660324e-01
4.284196862338993661e-01	5.009020183164762940e-01
4.337254196658543171e-01	4.997753766222545746e-01
4.391102240061194317e-01	5.005467047073386411e-01
4.435377025750651958e-01	4.973862461457840278e-01
4.476370189599886418e-01	5.002893343920358227e-01
4.519705282696123705e-01	5.028296125761391178e-01
4.564579642948448646e-01	5.056375903845201636e-01
4.617308607551665611e-01	5.051702742477970354e-01
4.677738400838222788e-01	5.042636172685169837e-01
4.734756645839375278e-01	5.020661588697022948e-01
4.791454318438227444e-01	5.050174116293205673e-01
4.819687895487704266e-01	5.107519390642828450e-01
4.880713238021026079e-01	5.127787731411496130e-01
4.941526724399769588e-01	5.106892326574867802e-01
4.975708732238376397e-01	5.056151427495555462e-01
5.000000000000000000e-01	5.000000000000000000e-01
5.000000000000000000e-01	5.000000000000000000e-01
5.063590704255067632e-01	4.960809769113607159e-01
5.135831602550227082e-01	4.979807255212898576e-01
5.192022592668927850e-01	4.938939765361739509e-01
5.233218678610684904e-01	4.882989237211112776e-01
5.253087075261142491e-01	4.817310509339590152e-01
5.231108213428674603e-01	4.752307600844425939e-01
5.206625110735501050e-01	4.684049247335596022e-01
5.244670395486998871e-01	4.622314480393471814e-01
5.267321658015304831e-01	4.550411210323814792e-01
5.341034033287781480e-01	4.534611030814523214e-01
5.389390750836151600e-01	4.489287893070079694e-01
5.418125432672440400e-01	4.429564555865752040e-01
5.484813886747694767e-01	4.453688044370244237e-01
5.550839233768378733e-01	4.427804726279788161e-01
5.626960482425107379e-01	4.419904812820439344e-01
5.672140447350899617e-01	4.481675549411714421e-01
5.708713147158814838e-01	4.423762226292162203e-01
5.687737470429770070e-01	4.358558420024827296e-01
5.746833724892745909e-01	4.333957418359858371e-01
5.787079661493237381e-01	4.284179499945948155e-01
5.788309516712735192e-01	4.218961716972713938e-01
5.820546314524794873e-01	4.162254921730615398e-01
5.870675681106181099e-01	4.119372351580086744e-01
5.936104996277575818e-01	4.110953745236499701e-01
5.910381898036412007e-01	4.046350849907465741e-01
5.903219826031065320e-01	3.977184986993677618e-01
5.859406885343163562e-01	3.919229052455349693e-01
5.789498401916024495e-01	3.899448555372360126e-01
5.864206942016461088e-01	3.874161459712384126e-01
5.900848133381759730e-01	3.804317159542742188e-01
5.915037290333786668e-01	3.728564234533043309e-01
5.881575702315069432e-01	3.659136862770892007e-01
5.850934603994097927e-01	3.593798109590367051e-01
5.892551758051296495e-01	3.534840140988317336e-01
5.879093530076757723e-01	3.470807724709778497e-01
5.904875347552300813e-01	3.410669782257941263e-01
5.971414302386406359e-01	3.378463519904548740e-01
5.980654222512511442e-01	3.305119810417955772e-01
6.037807485610442448e-01	3.273123215787038798e-01
6.101186717981508245e-01	3.256589902302715611e-01
6.135299387605337440e-01	3.195590238897888513e-01
6.133132971910575382e-01	3.125733672940175234e-01
6.121607774357122889e-01	3.058762027363401415e-01
6.128186928009473622e-01	2.991125157040138149e-01
6.058933553790495363e-01	2.980292618145298777e-01
6.000452585233106984e-01	2.941648730449935023e-01
5.930564258935435706e-01	2.912889454771796505e-01
5.907684126406240743e-01	2.840861865435020950e-01
5.932759043608666349e-01	2.778270710003100108e-01
5.988312656225831532e-01	2.740058142225034188e-01
5.980344234050487540e-01	2.666038973313307192e-01
6.040300220153058675e-01	2.621907206423507164e-01
6.052042990762844799e-01	2.549799337572439262e-01
6.029101886263652510e-01	2.480436933229784868e-01
5.993755853836428837e-01	2.406329883505148870e-01
5.911859928842559952e-01	2.400477166475022406e-01
5.907593017503234289e-01	2.341159542191971754e-01
5.875143082428861963e-01	2.291321917884306392e-01
5.823096613251406151e-01	2.261649655458404795e-01
5.794728647213049921e-01	2.208880946793530531e-01
5.735542943127476256e-01	2.193252509130658723e-01
5.706401563290051104e-01	2.139419660301543069e-01
5.673535310177140190e-01	2.087437360549592169e-01
5.612913248990438753e-01	2.077078027624175705e-01
5.645778310649394172e-01	2.039590715848507152e-01
5.690115716974464277e-01	2.016795865062011583e-01
5.734321559965709358e-01	1.995501841150995048e-01
5.775588544652250356e-01	1.968957011451589745e-01
5.811781580293959859e-01	1.927956150717468065e-01
5.865122501279942391e-01	1.915883348297646172e-01
5.897781387819305277e-01	1.872055090824298329e-01
5.898819729843203241e-01	1.817406752615507992e-01
5.919558799661830406e-01	1.754616514684558259e-01
5.983631749205295947e-01	1.738264752297349336e-01
6.041839570704115037e-01	1.736294336746414535e-01
6.098733951926975649e-01	1.723841931101323666e-01
6.049226664529152586e-01	1.675589622218929819e-01
6.066885215844577406e-01	1.608750768373183315e-01
6.065666915068921305e-01	1.539501589966409956e-01
6.125579870293169638e-01	1.504754348880385506e-01
6.167458555091112071e-01	1.467430563104633601e-01
6.217812725723406153e-01	1.442705136415218803e-01
6.248884765041031741e-01	1.396193072030330606e-01
6.289568329230823540e-01	1.357804384041351176e-01
6.307464799991568949e-01	1.302417538169821087e-01
6.302784241577648050e-01	1.244399620814742313e-01
6.304241671883381581e-01	1.181232729242955859e-01
6.256242453942375548e-01	1.140144344375824126e-01
6.294289860253217128e-01	1.094335061019016120e-01
6.352756120000595530e-01	1.083030546885327405e-01
6.321004191861054888e-01	1.027232272025944693e-01
6.351777123835971040e-01	9.708881589747220264e-02
6.392792925357508871e-01	9.334451668526827506e-02
6.447424069032308136e-01	9.234595885374885516e-02
6.490256330362789150e-01	8.795115875070869116e-02
6.474521354107969362e-01	8.201951485756153737e-02
6.515984521849949029e-01	7.875426148828412742e-02
6.544458811561943978e-01	7.431061764437107975e-02
6.595571109127460474e-01	7.300763857106401522e-02
6.648159845558405667e-01	7.341589351065813673e-02
6.677222468669301580e-01	6.851953139752758881e-02
6.679876503148385325e-01	6.283180042871422399e-02
6.733047035709978090e-01	6.133190535069760196e-02
6.786158157931168056e-01	5.981110702812136859e-02
6.834674831895983793e-01	5.856458238328987598e-02
6.873609871130068605e-01	5.541289594351583858e-02
6.886703224432788595e-01	5.018070920905842724e-02
6.935069863190908013e-01	4.779390808962147297e-02
6.984437569810955093e-01	4.528075764065009334e-02
7.039830785512255495e-01	4.534030838444402800e-02
7.031921169046908560e-01	3.919721498473710541e-02
7.080779510995764969e-01	3.539039990334730268e-02
7.146069524942171292e-01	3.336617652348494723e-02
7.195105901890328504e-01	3.812849495685122214e-02
7.258282465701284547e-01	3.604885791939305140e-02
7.276589661097860873e-01	2.965463096656428821e-02
7.335165434644794757e-01	3.022862223600258913e-02
7.378096941630287731e-01	2.620251549087621035e-02
7.425512977498089917e-01	2.902560844244811422e-02
7.480604241674209121e-01	2.934527154972532692e-02
7.524217241977491089e-01	2.467935509894675361e-02
7.587358824189558426e-01	2.564014656318613916e-02
7.648532820496520834e-01	2.582679697765283278e-02
7.692955379392394377e-01	2.161683507399092541e-02
7.750347245260842399e-01	1.842081069763407131e-02
7.769777749500994535e-01	1.214567009820360921e-02
7.793440830048146140e-01	5.809696186407309337e-03
7.758812215518515742e-01	0.000000000000000000e+00
7.778659062375437028e-01	-5.189234168002210268e-03
7.798461403178236218e-01	-1.038016833626886903e-02
7.833997171613469312e-01	-1.474881031928221287e-02
7.881714941543513930e-01	-1.773930952302782416e-02
7.901190184856579091e-01	-2.345794310803295257e-02
7.941105016808740480e-01	-2.799266283508172748e-02
7.901150298458923249e-01	-3.289385412347811677e-02
7.903057614851014545e-01	-3.921438358479634179e-02
7.968007914358434807e-01	-3.884021379092139625e-02
8.012044080494822307e-01	-4.362911531588198333e-02
8.023703415163288000e-01	-4.967449714013538742e-02
8.067574173418450290e-01	-5.399417397426287124e-02
8.034742118642226316e-01	-5.939462493051272940e-02
8.039556479001666034e-01	-6.569641261992609227e-02
8.083795023072799513e-01	-6.999772910556278926e-02
8.105070018007183297e-01	-7.578958176515004919e-02
8.125134015322852399e-01	-8.133708444034093432e-02
8.103032565816290500e-01	-8.680660773868908997e-02
8.055850402924535913e-01	-9.035901910527199821e-02
8.044792471430426417e-01	-9.616060621395061681e-02
8.039583363615543377e-01	-1.025783065176594233e-01
8.089141914358455310e-01	-1.066889908540097354e-01
8.093381856463865986e-01	-1.129390661744749114e-01
8.049398111501857578e-01	-1.173997291737641779e-01
8.042468021971440617e-01	-1.235344834459302099e-01
8.072255061742596993e-01	-1.289421441236698884e-01
8.016209397887896770e-01	-1.318718620820366061e-01
7.995241489500719556e-01	-1.378382579676096231e-01
7.987151146341464614e-01	-1.432456927774641287e-01
7.965997512559923610e-01	-1.482875302922533889e-01
7.910770166603331432e-01	-1.506351739157377745e-01
7.893857261688408400e-01	-1.563929134435704249e-01
7.874963535845720397e-01	-1.622893177417922272e-01
7.814104415838372120e-01	-1.634290490827626785e-01
7.809153209005024188e-01	-1.688825025665187107e-01
7.779492527261373525e-01	-1.734855166850691743e-01
7.774479155943794240e-01	-1.787979932449457188e-01
7.742807805082521089e-01	-1.830925248218626677e-01
7.720013951974127320e-01	-1.877395321408946716e-01
7.708405531398172528e-01	-1.927836098698481049e-01
7.701540328792713108e-01	-1.988985693346871919e-01
7.658242110185038420e-01	-2.032708321331460066e-01
7.618490664292707493e-01	-2.078526351197407251e-01
7.560131245190315763e-01	-2.095068645879801794e-01
7.584437827252237252e-01	-2.150763287408589131e-01
7.618682847813602610e-01	-2.200962705665228114e-01
7.579856233675816846e-01	-2.252699717427374404e-01
7.584991365993949408e-01	-2.317181147060690671e-01
7.545293469370266681e-01	-2.363848675324148330e-01
7.484437757099555721e-01	-2.356751952517822657e-01
7.429561719061217318e-01	-2.346976522902495255e-01
7.376658603666343961e-01	-2.364532119060592796e-01
7.315332221718353622e-01	-2.349121880499644988e-01
7.254426943693137453e-01	-2.366120341724337051e-01
7.246512838139163026e-01	-2.432714366810114770e-01
7.191325905237997418e-01	-2.470816855978240634e-01
7.196053370051938014e-01	-2.537324945980355961e-01
7.155094032807798321e-01	-2.589936804451780095e-01
7.178990305460501986e-01	-2.651051022724787432e-01
7.161448392567992816e-01	-2.714282824959776130e-01
7.098852722346484789e-01	-2.756345219488340881e-01
7.032058257326105899e-01	-2.721331473521966249e-01
7.004274482111840783e-01	-2.788317809315873363e-01
6.933935596236162624e-01	-2.805968545335064679e-01
6.875768496920577899e-01	-2.780528540832458706e-01
6.815810811656937140e-01	-2.801401519769544102e-01
6.793853446196564949e-01	-2.858143913394226576e-01
6.748218156417062907e-01	-2.898383762536085317e-01
6.697386593364365037e-01	-2.942045401317399111e-01
6.634004431482976027e-01	-2.920299411832169012e-01
6.595638946729522889e-01	-2.966466958374700535e-01
6.584208061169989357e-01	-3.025396472452530627e-01
6.520920095268019079e-01	-3.035577784529392975e-01
6.472306558342508787e-01	-2.993795614035177355e-01
6.436355382997189789e-01	-2.943080084788705086e-01
6.375831895352985779e-01	-2.928886446818060874e-01
6.360870491796906112e-01	-2.998108034325124294e-01
6.293577971722423836e-01	-3.020180381626474952e-01
6.231643450167445586e-01	-3.019021490231524885e-01
6.171422769330188185e-01	-3.033536916129750960e-01
6.159456633335700371e-01	-3.093116860427401749e-01
6.116614362393741899e-01	-3.136215561030614163e-01
6.058015097773916668e-01	-3.156800879861594300e-01
6.027200662203786585e-01	-3.210727679561292680e-01
5.968409501699585284e-01	-3.183411896600819579e-01
5.912926028084428687e-01	-3.216940044592770942e-01
5.855603906054460683e-01	-3.216518327187394277e-01
5.798739558701830887e-01	-3.209276123120401447e-01
5.758210331846840280e-01	-3.259795546207939765e-01
5.718800648897364169e-01	-3.311193087281251168e-01
5.746599115478709940e-01	-3.370109595244337175e-01
5.761085800052454520e-01	-3.433623732449367916e-01
5.744708975637931037e-01	-3.499251563686053279e-01
5.681048064828286837e-01	-3.522109845459218125e-01
5.627185450966742941e-01	-3.554439115708678543e-01
5.564659389669499578e-01	-3.548368321237314049e-01
5.534339639785259557e-01	-3.599348099721363381e-01
5.504975812392727264e-01	-3.650884404286078855e-01
5.525140249275470872e-01	-3.711300951555636107e-01
5.498938796771950521e-01	-3.769354785067977609e-01
5.534000787032093971e-01	-3.815280223171436669e-01
5.569339476763177643e-01	-3.860993088254335293e-01
5.572564989814381420e-01	-3.925562578488468457e-01
5.626268828980782732e-01	-3.961555920405114284e-01
5.616521015245881099e-01	-4.017849110501917620e-01
5.640671156250465224e-01	-4.069624720718928446e-01
5.623816756166126751e-01	-4.121483635654107358e-01
5.609565849352120548e-01	-4.174117555472369734e-01
5.613018550153785480e-01	-4.231467971002553785e-01
5.588368452227674421e-01	-4.283365600780257854e-01
5.530464356844351226e-01	-4.304592538861271578e-01
5.510615962744918050e-01	-4.362983534863477120e-01
5.491958522435191892e-01	-4.419551729824999775e-01
5.508826727258888667e-01	-4.476678994997960181e-01
5.489340345330830928e-01	-4.530999154803180273e-01
5.452646089704615839e-01	-4.575540488931704175e-01
5.447842575507388929e-01	-4.634611778660224779e-01
5.405453984190953243e-01	-4.676032767844962024e-01
5.424604750909367556e-01	-4.736235370492953844e-01
5.384516839365978136e-01	-4.785062254272124393e-01
5.358305940124041822e-01	-4.842379942832437667e-01
5.312913396530618559e-01	-4.886104600030490852e-01
5.251162889945768519e-01	-4.915107838407264396e-01
5.189074489395595347e-01	-4.886835176400537994e-01
5.150956364367813567e-01	-4.928882128471436808e-01
5.108118900506346538e-01	-4.966109662958740900e-01
5.061494406580466787e-01	-5.006774256353809793e-01
5.000000000000000000e-01	-5.000000000000000000e-01
5.000000000000000000e-01	-5.000000000000000000e-01
4.960062770729186665e-01	-4.926162703571221879e-01
4.992041251982828332e-01	-4.848546304772699544e-01
4.910253242936923890e-01	-4.839041955579909127e-01
4.860118926474054080e-01	-4.773726096938440966e-01
4.787635537489008941e-01	-4.782219414372368416e-01
4.715456047418098429e-01	-4.771444474331044683e-01
4.648028911402571905e-01	-4.735262714204216961e-01
4.617239052007401368e-01	-4.665208999131016387e-01
4.540308050828197883e-01	-4.687372557423635788e-01
4.474415270492237973e-01	-4.641900106882436150e-01
4.403791681646946898e-01	-4.614084294294786837e-01
4.362084377640677024e-01	-4.550665751865710096e-01
4.294883173342737281e-01	-4.578028498111751388e-01
4.245256236237326952e-01	-4.630961369323828292e-01
4.170028071640363709e-01	-4.625146321285389384e-01
4.108735932678900804e-01	-4.669150471474273756e-01
4.075916418993456025e-01	-4.607223690827061402e-01
4.111416784654824408e-01	-4.546793808502286316e-01
4.104768829823016718e-01	-4.482771348409632095e-01
4.061646973364012592e-01	-4.434984569952717948e-01
4.070265605161607070e-01	-4.360772571833620992e-01
4.128244302598804705e-01	-4.313653869364461046e-01
4.072375238273108211e-01	-4.266941849740145676e-01
4.054987715085526245e-01	-4.196223824008282755e-01
4.086061477741963488e-01	-4.134840163951303271e-01
4.120108426115515199e-01	-4.075054398470979722e-01
4.078586283310259297e-01	-4.018831048931063021e-01
4.059366674566589062e-01	-3.951631644050007663e-01
4.044208000182792917e-01	-3.890921334886260352e-01
4.030064228334617749e-01	-3.829966591299411860e-01
3.987794860448442558e-01	-3.783580784189867208e-01
3.953103389841823301e-01	-3.731285044116217087e-01
3.905138703654140730e-01	-3.767549961011933402e-01
3.845382924898779198e-01	-3.760841591323527133e-01
3.783982917850171601e-01	-3.743418618803384668e-01
3.736589960162566282e-01	-3.786167050337506668e-01
3.678165998437945561e-01	-3.778345117725037117e-01
3.635984415429303063e-01	-3.737171631252809156e-01
3.579455944724307948e-01	-3.729631455979778298e-01
3.530025380043635419e-01	-3.701189558737447705e-01
3.468058508122600081e-01	-3.686292460960638451e-01
3.413700112718619506e-01	-3.653021128150630847e-01
3.397631505789584505e-01	-3.583371332714229140e-01
3.330662596434579292e-01	-3.558382148798511224e-01
3.271437363212437166e-01	-3.593462882046061235e-01
3.204489873438183256e-01	-3.577452894278134732e-01
3.158866959130264274e-01	-3.622248890639663266e-01
3.107811589595228519e-01	-3.660738900273470264e-01
3.042631956838116603e-01	-3.692358382984988197e-01
2.972750112553597113e-01	-3.673261156676173034e-01
2.899340991162759895e-01	-3.678671305499118249e-01
2.851987903878987485e-01	-3.735026020815197523e-01
2.810293941567831855e-01	-3.679217475964019490e-01
2.752886502840643512e-01	-3.639753997273027508e-01
2.682218197613585042e-01	-3.637674471659875231e-01
2.620240605100996323e-01	-3.603658125342492635e-01
2.546722421858743646e-01	-3.644079522729468668e-01
2.523645995006034148e-01	-3.724741106879972952e-01
2.568308261708182050e-01	-3.791678471429418273e-01
2.571398964264086651e-01	-3.872088523024413975e-01
2.496843234577710291e-01	-3.862882576286321701e-01
2.433748146870520213e-01	-3.903654088296975022e-01
2.359257893378154947e-01	-3.927217960282993747e-01
2.330283880403546393e-01	-3.999775251442996282e-01
2.275618064252530326e-01	-4.013597962273842690e-01
2.219231837006789831e-01	-4.013708267130725593e-01
2.167948763559131020e-01	-3.991275560291683844e-01
2.115730821717953791e-01	-3.971114545728038348e-01
2.061299358036621232e-01	-3.997816916644776342e-01
2.007126683926068189e-01	-3.970593356429790166e-01
1.957250851267521297e-01	-3.940336127921376663e-01
1.900110056003021519e-01	-3.952084663018750055e-01
1.882917868966593744e-01	-4.014409624318605596e-01
1.825335244669946677e-01	-4.043807132295221818e-01
1.757046056164173198e-01	-4.052675261624749670e-01
1.732295264409190461e-01	-4.116936099559558304e-01
1.668492820330441662e-01	-4.091848376775686358e-01
1.616674987306010447e-01	-4.046958980638575287e-01
1.550659225116581830e-01	-4.066650518268232206e-01
1.497156276833212507e-01	-4.110047200591406824e-01
1.539301705422664313e-01	-4.056274826536622191e-01
1.540309036109459573e-01	-3.987961645909721131e-01
1.502373998287404033e-01	-3.935493087028871795e-01
1.463623666042453975e-01	-3.883623746214668326e-01
1.427494987017953187e-01	-3.836679022429051455e-01
1.419109061247452175e-01	-3.778038040272073683e-01
1.364730763855759310e-01	-3.742375738224141823e-01
1.364416628446236679e-01	-3.677347280349747560e-01
1.318365719078220533e-01	-3.641899780771643558e-01
1.261677485067511650e-01	-3.629106985740530034e-01
1.209940987539614987e-01	-3.604287924899850504e-01
1.167729588650572303e-01	-3.565418286860663200e-01
1.119563961520022577e-01	-3.531389529587525278e-01
1.082758071658538324e-01	-3.485311222002092091e-01
1.021626396592680841e-01	-3.488257758934935060e-01
9.697912680134745944e-02	-3.455717273053016125e-01
9.893457214218537299e-02	-3.395505353493022405e-01
9.747579726585708926e-02	-3.333901380478133669e-01
1.003452342596478086e-01	-3.278185780367426361e-01
1.054214919306954990e-01	-3.241433150971113619e-01
1.036449527698444228e-01	-3.183661844419501952e-01
9.904215483582134993e-02	-3.144488408043059069e-01
9.461021593868590429e-02	-3.098437474029583916e-01
9.524159603115966988e-02	-3.034836902647004564e-01
9.503826859666442139e-02	-2.977612140362917437e-01
9.310349614109281191e-02	-2.923718975884033178e-01
9.021571559329344403e-02	-2.868570003376469391e-01
8.415143752632392449e-02	-2.854506221150052703e-01
8.187141330325775623e-02	-2.798452031604347079e-01
8.408205302691695859e-02	-2.742120597993787934e-01
7.933530821883294504e-02	-2.708467786766943775e-01
7.691414444834854258e-02	-2.655557797819427801e-01
7.319024801249374157e-02	-2.618229465156093339e-01
6.883581510978886708e-02	-2.588496717292735338e-01
6.307807155541189648e-02	-2.584698039059754038e-01
5.959179344337517392e-02	-2.538717852754476256e-01
5.415243344862208374e-02	-2.537728698507676350e-01
4.872341160815141237e-02	-2.534233798373876079e-01
4.245744332561007806e-02	-2.529182594506982351e-01
3.978096339915238033e-02	-2.472302052732020528e-01
3.730911547044413190e-02	-2.413783823230035708e-01
3.142666233693724998e-02	-2.389803395470661007e-01
2.538011602310952242e-02	-2.387268233255610550e-01
1.992773293853167260e-02	-2.413529443240753913e-01
1.593669781923257034e-02	-2.369836279251107403e-01
1.151164645836455502e-02	-2.330544794713842460e-01
5.963084591060208162e-03	-2.352845798061191651e-01
0.000000000000000000e+00	-2.357334767410026455e-01
-6.887170321629443315e-03	-2.366873305087511259e-01
-1.381574049627243284e-02	-2.361060668986481037e-01
-1.404080998197920760e-02	-2.440080274897868939e-01
-2.086887636066414586e-02	-2.479916372831247884e-01
-2.643855741755374300e-02	-2.521570648517161839e-01
-3.031842698104192380e-02	-2.579293041117410867e-01
-3.748524488025228862e-02	-2.591684720967581956e-01
-4.383652103760338203e-02	-2.556244479336637898e-01
-5.092736054851876304e-02	-2.538346900212274937e-01
-5.289373281836140528e-02	-2.467907835446279119e-01
-5.322832918617315112e-02	-2.396698281831570743e-01
-5.924749843513632541e-02	-2.358501997271750250e-01
-6.555226914626433032e-02	-2.336898746629321177e-01
-7.002707906739247257e-02	-2.287509259617542812e-01
-7.613369225321553468e-02	-2.249982312093643522e-01
-8.286871342702184506e-02	-2.274503593247497735e-01
-8.528524343476140412e-02	-2.328879139358581707e-01
-9.081482124226625263e-02	-2.350857280084862611e-01
-9.628843636976947007e-02	-2.374244755258008155e-01
-9.855744245465736242e-02	-2.429273669385509926e-01
-1.022595071277605516e-01	-2.470278912615524458e-01
-1.055222383714808920e-01	-2.514859365056720808e-01
-1.110292861610291393e-01	-2.544826060297458170e-01
-1.115463118528744468e-01	-2.607308288192159429e-01
-1.177297719531816833e-01	-2.610254562887348584e-01
-1.214351288850185062e-01	-2.659845201283698168e-01
-1.275401946984603407e-01	-2.644117453389465133e-01
-1.323494344319510185e-01	-2.684880993852134523e-01
-1.370292148587241021e-01	-2.727614071108120930e-01
-1.432687850845859590e-01	-2.716526839005353189e-01
-1.484482393125784450e-01	-2.679357842732412731e-01
-1.545053047640431165e-01	-2.699242628514318953e-01
-1.526758186445773546e-01	-2.759939912400941608e-01
-1.571285068674859176e-01	-2.805064395514902387e-01
-1.606026951991310625e-01	-2.847169505986735238e-01
-1.645000639101553697e-01	-2.885391103248651223e-01
-1.674749606809619040e-01	-2.939335155861867444e-01
-1.699416073819164374e-01	-2.995784489757848945e-01
-1.760188922082428498e-01	-3.018536782778917793e-01
-1.822415531413990042e-01	-3.000128767816853115e-01
-1.874620949923127000e-01	-3.017292658156256469e-01
-1.912165900756706005e-01	-3.057422217339000881e-01
-1.942836100603919647e-01	-3.101815209787663896e-01
-1.957639154431853878e-01	-3.153702284619286367e-01
-1.961050105966125612e-01	-3.212998844324497227e-01
-1.985306531158104182e-01	-3.267214547032741834e-01
-2.034916819059991999e-01	-3.302996819223844582e-01
-2.096069129678185261e-01	-3.304392016314728897e-01
-2.071019687783809404e-01	-3.359242031924527527e-01
-2.030084877520677011e-01	-3.403517759590328762e-01
-2.044705852912087618e-01	-3.468108752145456775e-01
-2.002868425551579401e-01	-3.519444888662602855e-01
-2.053745854589220654e-01	-3.563055046530634318e-01
-2.048035427016654531e-01	-3.629821427829110769e-01
-2.109057765830812947e-01	-3.654028461618568091e-01
-2.130336086931888806e-01	-3.716132723713478914e-01
-2.146625302505974497e-01	-3.771618558297894497e-01
-2.149434115791887256e-01	-3.829377773592712586e-01
-2.109804781412084607e-01	-3.878408917277094137e-01
-2.120550212295463366e-01	-3.940530354072415697e-01
-2.170183228872124559e-01	-3.969891837478367602e-01
-2.216715765646954939e-01	-4.003954369145821257e-01
-2.228780731346143851e-01	-4.063844733537914644e-01
-2.275811404870491383e-01	-4.102838770161310045e-01
-2.332423709437675408e-01	-4.137769847769965370e-01
-2.339649472174543110e-01	-4.203897917182128907e-01
-2.332087606125834434e-01	-4.264386042053195380e-01
-2.301768135297407314e-01	-4.317270111083864048e-01
-2.347574597507570138e-01	-4.351643226495927053e-01
-2.397794212762793808e-01	-4.379170182138700795e-01
-2.399984969161794712e-01	-4.438868525896790818e-01
-2.435207236472806125e-01	-4.487118743995058834e-01
-2.468744234452230346e-01	-4.544270436174421279e-01
-2.533591501311921457e-01	-4.557904149288038997e-01
-2.573573712781254130e-01	-4.603911348655905789e-01
-2.602825104619587160e-01	-4.657386536389782616e-01
-2.659387647352154938e-01	-4.636627035042770739e-01
-2.715330388865199174e-01	-4.614250980686496195e-01
-2.774147159785200767e-01	-4.597510473240431494e-01
-2.835160093080332233e-01	-4.601643160227316676e-01
-2.889614868936448699e-01	-4.608673099981156485e-01
-2.941843421203661491e-01	-4.591734357567581748e-01
-2.989262818243827446e-01	-4.630990408283857107e-01
-3.047324010387831850e-01	-4.610532287639264037e-01
-3.088744049414340331e-01	-4.649936502346071476e-01
-3.138592711940249025e-01	-4.677926189982697380e-01
-3.169805666036658032e-01	-4.729185735280532210e-01
-3.162733709137144356e-01	-4.788782521378247559e-01
-3.211438579748011612e-01	-4.781004040734740945e-01
-3.257461958425402759e-01	-4.798738690363651971e-01
-3.301075208960058127e-01	-4.822656129809955727e-01
-3.350641435171910487e-01	-4.818490946622913107e-01
-3.402720717942685491e-01	-4.798243775390166332e-01
-3.451943149488321261e-01	-4.824689037150673432e-01
-3.474436095675158542e-01	-4.874289241339985201e-01
-3.524558138228228721e-01	-4.895594023293661223e-01
-3.527410155004429004e-01	-4.953151507517709051e-01
-3.560140208221643787e-01	-5.000582948633189861e-01
-3.597486650709881273e-01	-5.043400235687618416e-01
-3.649584485926473665e-01	-5.066069430710231636e-01
-3.697732031708452771e-01	-5.094779965209741412e-01
-3.742019857979294040e-01	-5.129146655482139661e-01
-3.796580880532905988e-01	-5.107377241672101942e-01
-3.853650777381921744e-01	-5.121299864750068487e-01
-3.912098383830383552e-01	-5.138615834014328421e-01
-3.944045618509168794e-01	-5.190532494996074053e-01
-3.999974322955780481e-01	-5.174611787171861099e-01
-4.057610813668780514e-01	-5.182326957746175022e-01
-4.115892430389959111e-01	-5.200636072892736994e-01
-4.173900723574737182e-01	-5.181478607849745455e-01
-4.203762237369563781e-01	-5.130096624290569896e-01
-4.251850087227830866e-01	-5.095177046163064105e-01
-4.299410736889214268e-01	-5.063621772984929770e-01
-4.356432349126645454e-01	-5.066129042297078389e-01
-4.396493858784118469e-01	-5.114185399823092393e-01
-4.458201886402973768e-01	-5.103867581153704869e-01
-4.509222194439281850e-01	-5.081998558035956126e-01
-4.532260746103176086e-01	-5.031495576525213398e-01
-4.581861791795376337e-01	-5.011726363884787538e-01
-4.616156261284405371e-01	-4.970799907103773396e-01
-4.649508836483919882e-01	-5.018834239148828313e-01
-4.707982790444165122e-01	-5.018135643622840814e-01
-4.759883736846236557e-01	-5.012124884169470995e-01
-4.807654818510451733e-01	-4.990964515002849211e-01
-4.857455820854460482e-01	-4.995276231419636392e-01
-4.902854291869260805e-01	-5.016197740983840969e-01
-4.954770568721392765e-01	-5.028150998410527706e-01
-5.000000000000000000e-01	-5.000000000000000000e-01
-5.000000000000000000e-01	-5.000000000000000000e-01
-5.054047407490011024e-01	-4.991137045670267502e-01
-5.104414442273690344e-01	-4.969623421546427444e-01
-5.146763575628936493e-01	-4.933299220023847909e-01
-5.168971108112432322e-01	-4.882115998034725068e-01
-5.208796915947156991e-01	-4.840242497166559188e-01
-5.248006743032412880e-01	-4.797791649064442332e-01
-5.245144444539306949e-01	-4.739512947301290913e-01
-5.226406101521025027e-01	-4.684254696036967980e-01
-5.280159398225542366e-01	-4.662925306337741826e-01
-5.330238194717012989e-01	-4.634003447588498359e-01
-5.327133412611846364e-01	-4.575646179501173805e-01
-5.342747092965792755e-01	-4.519330787321582665e-01
-5.342145831774384179e-01	-4.462828291243808865e-01
-5.379701709007824739e-01	-4.420609223711876590e-01
-5.383604979791826173e-01	-4.365595836147211362e-01
-5.355865181825772980e-01	-4.317928111815585446e-01
-5.330939465223462070e-01	-4.261006652798658978e-01
-5.367861907834146074e-01	-4.211025885733565843e-01
-5.400373485142476726e-01	-4.167376977838083141e-01
-5.418176823260020258e-01	-4.115944780029548999e-01
-5.472482052807849939e-01	-4.083851768466354448e-01
-5.470488449769973505e-01	-4.020803811367292813e-01
-5.467525591160163900e-01	-3.966351845294668887e-01
-5.474892039155129231e-01	-3.912319164588883291e-01
-5.412882603536764980e-01	-3.905416139771047401e-01
-5.381782206600357332e-01	-3.851327442543791557e-01
-5.340767978598144339e-01	-3.813384564420824185e-01
-5.307089024705825553e-01	-3.768802539303172106e-01
-5.321582165806735265e-01	-3.711213707144890295e-01
-5.312461529801298932e-01	-3.652533738440211231e-01
-5.270471697540690670e-01	-3.610724861118641549e-01
-5.246907179945992095e-01	-3.556357207622347083e-01
-5.295413025715673960e-01	-3.508659029827669862e-01
-5.362382247140372593e-01	-3.496698401895399488e-01
-5.380144031010133387e-01	-3.432271032520903820e-01
-5.366749658571359216e-01	-3.366796169575455577e-01
-5.412444813809452748e-01	-3.323703238423716400e-01
-5.474476930437285338e-01	-3.333555366830971423e-01
-5.510242991151825809e-01	-3.281840107823915664e-01
-5.573049780865785285e-01	-3.278842395524587117e-01
-5.573861772480750432e-01	-3.211320823820015269e-01
-5.597704512908655561e-01	-3.148143725875223176e-01
-5.547356510740328872e-01	-3.104047452313720701e-01
-5.508164423829716716e-01	-3.049794498588197511e-01
-5.529527105699219014e-01	-2.992083935101719216e-01
-5.576462700738094025e-01	-2.952285402051729735e-01
-5.616347511826609296e-01	-2.907811466176069004e-01
-5.648160440542775440e-01	-2.857247974461797346e-01
-5.714807009922888703e-01	-2.867131359716780237e-01
-5.750318147308746131e-01	-2.924388722874712299e-01
-5.813940141125636396e-01	-2.944892050225815794e-01
-5.871890988193543270e-01	-2.911577731175067907e-01
-5.903066495101426669e-01	-2.862108750423892900e-01
-5.947073361951957793e-01	-2.823605660190467992e-01
-5.991419617275763887e-01	-2.786369948973091981e-01
-6.038563827710408116e-01	-2.752746862059456401e-01
-6.097096885061755733e-01	-2.754662657282221927e-01
-6.147317956299965802e-01	-2.784789606645180493e-01
-6.201176086913067209e-01	-2.803208069923741608e-01
-6.250845988433769707e-01	-2.831008050240375606e-01
-6.271082025891523415e-01	-2.768892936076534639e-01
-6.312087494599551984e-01	-2.718036902455992498e-01
-6.374293064632432504e-01	-2.691428933909991716e-01
-6.440120540506830693e-01	-2.707057764744900119e-01
-6.409647634545373451e-01	-2.654892697518660416e-01
-6.438803545282290042e-01	-2.601980268869478197e-01
-6.404208061588808620e-01	-2.561718474582824756e-01
-6.359668379992577947e-01	-2.532838094833360643e-01
-6.325108411499578143e-01	-2.497297669114468821e-01
-6.312219242572103539e-01	-2.449429280726346247e-01
-6.274290848708720114e-01	-2.415209179681847562e-01
-6.267364979397054281e-01	-2.364596822388105313e-01
-6.253845158376549751e-01	-2.313572109700035018e-01
-6.211526359184287305e-01	-2.282021735688756214e-01
-6.212006850899298716e-01	-2.232118168992471841e-01
-6.207413192176092220e-01	-2.182424153851476589e-01
-6.163435351125712280e-01	-2.151913461194561172e-01
-6.153396675558825413e-01	-2.099338011955206307e-01
-6.156810529262543019e-01	-2.049453009523675151e-01
-6.146852867765216777e-01	-2.000452878480902807e-01
-6.109863720336812243e-01	-1.945574291194123173e-01
-6.136449210260378484e-01	-1.884968449102812915e-01
-6.163141173266284412e-01	-1.833484355547885247e-01
-6.192218379914186110e-01	-1.783308775513008371e-01
-6.165984212863488967e-01	-1.725102621765741695e-01
-6.162490992857594385e-01	-1.661353227502857521e-01
-6.092574816895486300e-01	-1.669194791425478996e-01
-6.044885160312223338e-01	-1.617469957536066261e-01
-6.021564318795518123e-01	-1.566907856732406845e-01
-5.975147362510572213e-01	-1.536153119601876282e-01
-5.919194993845000585e-01	-1.540006970624285820e-01
-5.870899225877191929e-01	-1.511493140236372934e-01
-5.810339356064988525e-01	-1.500727695721877364e-01
-5.786316833720615005e-01	-1.444103398397496019e-01
-5.796582055673971112e-01	-1.386564155115423969e-01
-5.763474941173705179e-01	-1.338397171935121754e-01
-5.824759164246424703e-01	-1.306338336072464523e-01
-5.888034185575725665e-01	-1.334263175020473646e-01
-5.956742198282518608e-01	-1.347194554984390003e-01
-6.007649330578839209e-01	-1.299272999508247484e-01
-6.082071204938807041e-01	-1.298006254176861107e-01
-6.131672719445839803e-01	-1.353503189097576831e-01
-6.208855167984375090e-01	-1.359797354748311093e-01
-6.254932356233471324e-01	-1.297558784659500475e-01
-6.303430546490256248e-01	-1.233876594055602904e-01
-6.383466069217208494e-01	-1.232530874873184468e-01
-6.417058259465312497e-01	-1.165255768346054044e-01
-6.482138045664191939e-01	-1.127586196644086991e-01
-6.451520997055231188e-01	-1.051945652771191231e-01
-6.393686266580755895e-01	-9.943779578906775107e-02
-6.405343471543510914e-01	-9.130927149709300306e-02
-6.451905848941231758e-01	-8.454530361193968169e-02
-6.467869084962285520e-01	-7.843581755601292116e-02
-6.513282591872120442e-01	-7.404831224983898785e-02
-6.514497612516547687e-01	-6.796673643748274429e-02
-6.511925586758571249e-01	-6.188938718405778694e-02
-6.490226146870787804e-01	-5.539613784992059031e-02
-6.424517590980267645e-01	-5.347395142359889775e-02
-6.373370395661034360e-01	-4.863187506631994061e-02
-6.390994191525924961e-01	-4.181277853282772128e-02
-6.351936084480502842e-01	-3.690717031882972954e-02
-6.339241309748252506e-01	-3.076642312048860628e-02
-6.345415029756714675e-01	-2.454093852085104110e-02
-6.377979174069132728e-01	-1.919925603873418041e-02
-6.432511466000012668e-01	-1.539492635164418921e-02
-6.425097125366723283e-01	-8.787286188154830313e-03
-6.442444249570224990e-01	-2.798025788076974329e-03
-6.498168139429525425e-01	0.000000000000000000e+00
-6.440587243157251951e-01	1.285662386694363946e-03
-6.417186433290498204e-01	6.701615202547084316e-03
-6.391844845474294878e-01	1.158430178680103229e-02
-6.398478073554372259e-01	1.704530827488470734e-02
-6.399301600243418875e-01	2.225772501641787304e-02
-6.427544733002804600e-01	2.663942842592059712e-02
-6.417142246457412380e-01	3.160290068330295910e-02
-6.422134319823594728e-01	3.664957940778523771e-02
-6.477326085011986256e-01	3.863944061233115512e-02
-6.497511031024600925e-01	4.414820967666299723e-02
-6.515340156427700258e-01	4.990987764693244344e-02
-6.477243383430782986e-01	5.458555447475488265e-02
-6.510696296164502073e-01	5.843367346919170480e-02
-6.507693580522788679e-01	6.352374522573844828e-02
-6.548291333612439313e-01	6.656054163019875514e-02
-6.557497477749020254e-01	7.154615864946423098e-02
-6.508809145270637586e-01	7.447847491711101497e-02
-6.478292619827163978e-01	7.927341314792668570e-02
-6.472045888876695185e-01	8.512855095424798346e-02
-6.504921973041115635e-01	9.001368003205434398e-02
-6.464564878985396001e-01	9.344206598535353958e-02
-6.464805125044610357e-01	9.873736611559280618e-02
-6.433683425770833075e-01	1.025497218226966156e-01
-6.421922502350432271e-01	1.073284731760686395e-01
-6.368043569318407870e-01	1.086313397369554901e-01
-6.340697359134735978e-01	1.134530306652580256e-01
-6.326152762434278376e-01	1.186182865129289388e-01
-6.283359044414069672e-01	1.218559242140558885e-01
-6.241812656054572805e-01	1.257550910730339533e-01
-6.186243031678561044e-01	1.244962445699110409e-01
-6.139616203154671936e-01	1.278317070857192261e-01
-6.086341500484268030e-01	1.257141655559912419e-01
-6.031713540693355302e-01	1.244964681880619262e-01
-5.988594430947415947e-01	1.280647101271986665e-01
-5.938244441022370035e-01	1.277421004122908377e-01
-5.889189546692477073e-01	1.265624965357690090e-01
-5.860480041278339769e-01	1.310086416775725349e-01
-5.840725739470424838e-01	1.359186558561714664e-01
-5.801039340165160541e-01	1.402152093330767402e-01
-5.742707902489873062e-01	1.397851994896839312e-01
-5.743401788767125149e-01	1.453945306722196351e-01
-5.775867369637454063e-01	1.499693827665004031e-01
-5.759927969441452911e-01	1.554478583165521677e-01
-5.712298539186090318e-01	1.585893090760092106e-01
-5.678715743489380907e-01	1.624239510995046931e-01
-5.673401111674430952e-01	1.674934745488183552e-01
-5.640789143352707979e-01	1.711142830108572932e-01
-5.602982424184020926e-01	1.741887225620506463e-01
-5.600905540248830583e-01	1.792293986531073857e-01
-5.562355651429859993e-01	1.824837204940140678e-01
-5.571415206135975628e-01	1.870204237233610289e-01
-5.575073366448075607e-01	1.916322140630456472e-01
-5.550139042444596216e-01	1.958252261919274373e-01
-5.559713125068709294e-01	2.006087317335905063e-01
-5.586646264207795198e-01	2.045095091960834610e-01
-5.588589933547633004e-01	2.092457763069758281e-01
-5.549674847794644483e-01	2.134464972950194106e-01
-5.563841135505820379e-01	2.189947455533309828e-01
-5.593592504651426767e-01	2.235137035729569677e-01
-5.584273139559061683e-01	2.288432359714207553e-01
-5.543510023671437414e-01	2.316564156635119165e-01
-5.510037760660421169e-01	2.353069460685197622e-01
-5.463093107147948269e-01	2.370326517966324653e-01
-5.425178619084501941e-01	2.402947034735636311e-01
-5.416792057728850862e-01	2.458184132443972381e-01
-5.386455588509598824e-01	2.505100760732051901e-01
-5.406288604067003289e-01	2.557276800127591398e-01
-5.403424541408050619e-01	2.613021618166495585e-01
-5.440579876616361554e-01	2.660002105764456282e-01
-5.500461923283739285e-01	2.661353266861483657e-01
-5.553189875000685838e-01	2.689280558491700113e-01
-5.566279304190322463e-01	2.747494279842883635e-01
-5.567016795938984908e-01	2.803158177604160306e-01
-5.614715757539066043e-01	2.831860485356867407e-01
-5.635379000230590352e-01	2.878464262947721952e-01
-5.625712834371031645e-01	2.928518702529464557e-01
-5.682579557253735203e-01	2.929352837585561531e-01
-5.713504364175673311e-01	2.977083082394810232e-01
-5.714154736920779021e-01	3.031910328371841823e-01
-5.755093579000858384e-01	3.068385814595822048e-01
-5.697203313199862285e-01	3.088704487533628917e-01
-5.683343060217032061e-01	3.148470905627032135e-01
-5.634085787598177575e-01	3.176654797381635031e-01
-5.577830088115665053e-01	3.169177703292572756e-01
-5.524025554442953956e-01	3.195458551805756553e-01
-5.485048345223213495e-01	3.240916092475610855e-01
-5.512969732959164260e-01	3.296588534076401178e-01
-5.499231896999601243e-01	3.357336344819199514e-01
-5.495448697021083628e-01	3.416774018115352751e-01
-5.443041819702574280e-01	3.445070110047991907e-01
-5.436027662008482420e-01	3.501876719286722839e-01
-5.388575552667428381e-01	3.533884321203204504e-01
-5.424498937259852882e-01	3.582651468794447736e-01
-5.469781756881325618e-01	3.622878207313628973e-01
-5.451212389107968903e-01	3.680182398368071484e-01
-5.432725753198505148e-01	3.737513332641440034e-01
-5.376440358364492633e-01	3.731128747072639529e-01
-5.331781217401733164e-01	3.765976555224294087e-01
-5.279313566586726347e-01	3.766712068887320131e-01
-5.226924040436730090e-01	3.763756918777285687e-01
-5.209468949270384952e-01	3.822188658202081424e-01
-5.150662368520291245e-01	3.838335931665899370e-01
-5.140116828982319586e-01	3.891072990755711780e-01
-5.116455220920892444e-01	3.939369306448905483e-01
-5.088942391902150364e-01	3.988137989562042796e-01
-5.037116002181618590e-01	4.009336233398257399e-01
-5.035689872671573752e-01	4.070852708571778278e-01
-4.980965056259931134e-01	4.098986407792923892e-01
-5.005900403979732793e-01	4.153717389173762209e-01
-5.053732629022705813e-01	4.190177369100462901e-01
-5.026986439693750253e-01	4.243674585869716687e-01
-5.025903393620919646e-01	4.303475404065465471e-01
-5.014341107128363895e-01	4.348180397259021612e-01
-5.008666176440876860e-01	4.394006351117768494e-01
-5.005595685387024263e-01	4.441575970167014331e-01
-5.026482035382334734e-01	4.484425205348935295e-01
-5.052845029592840653e-01	4.534961679424179826e-01
-5.021406512147726930e-01	4.582507050350846933e-01
-5.070581963935573144e-01	4.603882498057368933e-01
-5.088172993542541267e-01	4.654535143600911917e-01
-5.039225942505348721e-01	4.674877518357265505e-01
-5.028641294290097097e-01	4.726815859090530703e-01
-5.029820208553955618e-01	4.776227518346675138e-01
-5.000763731218516028e-01	4.816210302568660895e-01
-4.961232253997195363e-01	4.853923370627581946e-01
-4.969193118096513206e-01	4.907975547609723099e-01
-5.012109367453324582e-01	4.944777353994118663e-01
-5.000000000000000000e-01	5.000000000000000000e-01

0.000000000000000	0.000000000000000