-0.649659 0.042180
-0.565751 -0.214024
-0.605505 -0.350965
-0.623156 -0.474628
-0.495067 -0.527634
-0.260967 -0.576240
0.061495 -0.611569
0.322099 -0.633646
0.573877 -0.585066
0.719644 -0.421622
0.856585 -0.355364
0.918416 -0.311210
0.975848 -0.218450
0.949345 -0.099187
0.834508 0.033328
0.715244 0.117263
0.565052 0.196772
0.392782 0.232101
0.171933 0.223275
0.004063 0.183521
-0.106348 0.174695
-0.225612 0.232101
-0.278618 0.316036
-0.291869 0.399971
-0.331624 0.501557
-0.393482 0.550137
-0.464138 0.461802
-0.574576 0.430873
-0.676162 0.435299
-0.773349 0.470628
-0.791026 0.338113
-0.751272 0.183521

0. 0.


-0.649659 0.042180
-0.565751 -0.214024
-0.605505 -0.350965
-0.623156 -0.474628
-0.495067 -0.527634
-0.260967 -0.576240
0.061495 -0.611569
0.322099 -0.633646
0.573877 -0.585066
0.719644 -0.421622
0.856585 -0.355364
0.918416 -0.311210
0.975848 -0.218450
0.949345 -0.099187
0.834508 0.033328
0.715244 0.117263
0.565052 0.196772
0.392782 0.232101
0.171933 0.223275
0.004063 0.183521
-0.106348 0.174695
-0.225612 0.232101
-0.278618 0.316036
-0.291869 0.399971
-0.331624 0.501557
-0.393482 0.550137
-0.464138 0.461802
-0.574576 0.430873
-0.676162 0.435299
-0.773349 0.470628
-0.791026 0.338113
-0.751272 0.183521

0.0 0.0