1.000000000000000000e+00 0.000000000000000000e+00
9.997998037428525997e-01 2.000880895389430675e-02
9.991992951284931479e-01 4.000960653046352344e-02
9.981987145960755647e-01 5.999438456007806508e-02
9.967984627705549494e-01 7.995514128721500913e-02
9.949991003022805591e-01 9.988388457430118217e-02
9.928013476425149308e-01 1.197726351017051327e-01
9.902060847549715161e-01 1.396134295625969801e-01
9.872143507634829618e-01 1.593983238513969058e-01
9.838273435359443653e-01 1.791193962445356003e-01
9.800464192046953738e-01 1.987687505722530168e-01
9.758730916235354158e-01 2.183385193801655466e-01
9.713090317615875602e-01 2.378208670793360846e-01
9.663560670342554726e-01 2.572079930835848849e-01
9.610161805715395911e-01 2.764921349327862932e-01
9.552915104240065070e-01 2.956655714008991631e-01
9.491843487067304075e-01 3.147206255874884229e-01
9.426971406815461973e-01 3.336496679914982555e-01
9.358324837779861127e-01 3.524451195660473490e-01
9.285931265532872958e-01 3.710994547530224730e-01
9.209819675918908821e-01 3.896052044962556304e-01
9.130020543448702508e-01 4.079549592320781404e-01
9.046565819097541761e-01 4.261413718560547181e-01
8.959488917512338224e-01 4.441571606647087278e-01
8.868824703632655071e-01 4.619951122710623248e-01
8.774609478731044687e-01 4.796480844928216469e-01
8.676880965878290830e-01 4.971090092120541981e-01
8.575678294839371718e-01 5.143708952052097327e-01
8.471041986406198099e-01 5.314268309423539893e-01
8.363013936173391283e-01 5.482699873544935043e-01
8.251637397763595949e-01 5.648936205678838363e-01
8.136956965509062334e-01 5.812910746042257992e-01
8.019018556596398950e-01 5.974557840456699020e-01
7.897869392681683420e-01 6.133812766635599045e-01
7.773557980983260007e-01 6.290611760098652194e-01
7.646134094859813324e-01 6.444892039702627695e-01
7.515648753881492006e-01 6.596591832778467834e-01
7.382154203402045978e-01 6.745650399864604463e-01
7.245703893640188520e-01 6.892008059026586420e-01
7.106352458278520912e-01 7.035606209753273443e-01
6.964155692588616109e-01 7.176387356420050878e-01
6.819170531091016674e-01 7.314295131309637155e-01
6.671455024759068708e-01 7.449274317181302507e-01
6.521068317775753354e-01 7.581270869379441724e-01
6.368070623852793988e-01 7.710231937472639130e-01
6.212523202121544852e-01 7.836105886414594934e-01
6.054488332605282297e-01 7.958842317218409734e-01
5.894029291282759653e-01 8.078392087135958244e-01
5.731210324752971097e-01 8.194707329334278700e-01
5.566096624511303048e-01 8.307741472061096477e-01
5.398754300847340426e-01 8.417449257291803599e-01
5.229250356374801623e-01 8.523786758850435685e-01
5.057652659204195933e-01 8.626711399997377683e-01
4.884029915768942076e-01 8.726181970476779570e-01
4.708451643315822444e-01 8.822158643016828616e-01
4.530988142070799807e-01 8.914602989276292355e-01
4.351710467091333689e-01 9.003477995230938502e-01
4.170690399816465721e-01 9.088748075993676734e-01
3.988000419326069856e-01 9.170379090062475980e-01
3.803713673320771593e-01 9.248338352990368438e-01
3.617903948834154670e-01 9.322594650472058042e-01
3.430645642688986974e-01 9.393118250841893113e-01
3.242013731709288415e-01 9.459880916978206100e-01
3.052083742700172353e-01 9.522855917609239773e-01
2.860931722207478156e-01 9.582018038016154593e-01
2.668634206069303572e-01 9.637343590128809590e-01
2.475268188771627687e-01 9.688810422010291079e-01
2.280911092620295788e-01 9.736397926726376717e-01
2.085640736741706525e-01 9.780087050596406595e-01
1.889535305924617825e-01 9.819860300822225163e-01
1.692673319315540770e-01 9.855701752492174172e-01
1.495133598980263601e-01 9.887597054957302234e-01
1.296995238344083590e-01 9.915533437577263021e-01
1.098337570523394979e-01 9.939499714833577304e-01
8.992401365612999464e-02 9.959486290808237108e-01
6.997826535799722691e-02 9.975485163025835655e-01
5.000449828625178755e-02 9.987489925657698775e-01
3.001070978771145856e-02 9.995495772086734343e-01
1.000490522562345712e-02 9.999499496831960599e-01
-1.000490522562333395e-02 9.999499496831960599e-01
-3.001070978771133366e-02 9.995495772086734343e-01
-5.000449828625166265e-02 9.987489925657698775e-01
-6.997826535799710201e-02 9.975485163025835655e-01
-8.992401365612986974e-02 9.959486290808237108e-01
-1.098337570523393730e-01 9.939499714833577304e-01
-1.296995238344082479e-01 9.915533437577263021e-01
-1.495133598980262213e-01 9.887597054957303344e-01
-1.692673319315539660e-01 9.855701752492174172e-01
-1.889535305924616437e-01 9.819860300822225163e-01
-2.085640736741705414e-01 9.780087050596406595e-01
-2.280911092620294678e-01 9.736397926726376717e-01
-2.475268188771626576e-01 9.688810422010291079e-01
-2.668634206069302461e-01 9.637343590128810700e-01
-2.860931722207477046e-01 9.582018038016154593e-01
-3.052083742700171243e-01 9.522855917609239773e-01
-3.242013731709287305e-01 9.459880916978206100e-01
-3.430645642688989749e-01 9.393118250841892003e-01
-3.617903948834157446e-01 9.322594650472056932e-01
-3.803713673320774369e-01 9.248338352990367328e-01
-3.988000419326073187e-01 9.170379090062474869e-01
-4.170690399816468497e-01 9.088748075993675624e-01
-4.351710467091334800e-01 9.003477995230938502e-01
-4.530988142070802582e-01 8.914602989276290135e-01
-4.708451643315823554e-01 8.822158643016828616e-01
-4.884029915768944852e-01 8.726181970476778460e-01
-5.057652659204197043e-01 8.626711399997377683e-01
-5.229250356374803843e-01 8.523786758850433465e-01
-5.398754300847341536e-01 8.417449257291803599e-01
-5.566096624511306379e-01 8.307741472061094257e-01
-5.731210324752971097e-01 8.194707329334278700e-01
-5.894029291282759653e-01 8.078392087135957134e-01
-6.054488332605281187e-01 7.958842317218410845e-01
-6.212523202121544852e-01 7.836105886414594934e-01
-6.368070623852792878e-01 7.710231937472639130e-01
-6.521068317775753354e-01 7.581270869379440613e-01
-6.671455024759068708e-01 7.449274317181303617e-01
-6.819170531091017784e-01 7.314295131309636044e-01
-6.964155692588618329e-01 7.176387356420048658e-01
-7.106352458278520912e-01 7.035606209753273443e-01
-7.245703893640189630e-01 6.892008059026584199e-01
-7.382154203402045978e-01 6.745650399864604463e-01
-7.515648753881493116e-01 6.596591832778465614e-01
-7.646134094859813324e-01 6.444892039702627695e-01
-7.773557980983261118e-01 6.290611760098651084e-01
-7.897869392681683420e-01 6.133812766635599045e-01
-8.019018556596400060e-01 5.974557840456696800e-01
-8.136956965509062334e-01 5.812910746042257992e-01
-8.251637397763597059e-01 5.648936205678836142e-01
-8.363013936173390173e-01 5.482699873544935043e-01
-8.471041986406199209e-01 5.314268309423538783e-01
-8.575678294839371718e-01 5.143708952052097327e-01
-8.676880965878291940e-01 4.971090092120540316e-01
-8.774609478731044687e-01 4.796480844928216469e-01
-8.868824703632656181e-01 4.619951122710621028e-01
-8.959488917512338224e-01 4.441571606647088388e-01
-9.046565819097541761e-01 4.261413718560546071e-01
-9.130020543448702508e-01 4.079549592320782514e-01
-9.209819675918909931e-01 3.896052044962555194e-01
-9.285931265532871848e-01 3.710994547530226395e-01
-9.358324837779861127e-01 3.524451195660472935e-01
-9.426971406815461973e-01 3.336496679914984220e-01
-9.491843487067304075e-01 3.147206255874883674e-01
-9.552915104240065070e-01 2.956655714008993296e-01
-9.610161805715395911e-01 2.764921349327862377e-01
-9.663560670342554726e-01 2.572079930835851069e-01
-9.713090317615875602e-01 2.378208670793360568e-01
-9.758730916235353048e-01 2.183385193801657687e-01
-9.800464192046953738e-01 1.987687505722530446e-01
-9.838273435359442542e-01 1.791193962445358778e-01
-9.872143507634829618e-01 1.593983238513969614e-01
-9.902060847549714051e-01 1.396134295625972299e-01
-9.928013476425149308e-01 1.197726351017051744e-01
-9.949991003022804481e-01 9.988388457430147360e-02
-9.967984627705549494e-01 7.995514128721509239e-02
-9.981987145960755647e-01 5.999438456007837039e-02
-9.991992951284931479e-01 4.000960653046362059e-02
-9.997998037428525997e-01 2.000880895389464328e-02
-1.000000000000000000e+00 0.000000000000000000e+00
-9.799999999999999822e-01 0.000000000000000000e+00
-9.599999999999999645e-01 0.000000000000000000e+00
-9.399999999999999467e-01 0.000000000000000000e+00
-9.200000000000000400e-01 0.000000000000000000e+00
-9.000000000000000222e-01 0.000000000000000000e+00
-8.800000000000000044e-01 0.000000000000000000e+00
-8.599999999999999867e-01 0.000000000000000000e+00
-8.399999999999999689e-01 0.000000000000000000e+00
-8.200000000000000622e-01 0.000000000000000000e+00
-8.000000000000000444e-01 0.000000000000000000e+00
-7.800000000000000266e-01 0.000000000000000000e+00
-7.600000000000000089e-01 0.000000000000000000e+00
-7.399999999999999911e-01 0.000000000000000000e+00
-7.199999999999999734e-01 0.000000000000000000e+00
-6.999999999999999556e-01 0.000000000000000000e+00
-6.799999999999999378e-01 0.000000000000000000e+00
-6.599999999999999201e-01 0.000000000000000000e+00
-6.400000000000000133e-01 0.000000000000000000e+00
-6.199999999999999956e-01 0.000000000000000000e+00
-5.999999999999999778e-01 0.000000000000000000e+00
-5.800000000000000711e-01 0.000000000000000000e+00
-5.600000000000000533e-01 0.000000000000000000e+00
-5.400000000000000355e-01 0.000000000000000000e+00
-5.200000000000000178e-01 0.000000000000000000e+00
-5.000000000000000000e-01 0.000000000000000000e+00
-4.799999999999999822e-01 0.000000000000000000e+00
-4.599999999999999645e-01 0.000000000000000000e+00
-4.399999999999999467e-01 0.000000000000000000e+00
-4.200000000000000400e-01 0.000000000000000000e+00
-4.000000000000000222e-01 0.000000000000000000e+00
-3.800000000000000044e-01 0.000000000000000000e+00
-3.599999999999999867e-01 0.000000000000000000e+00
-3.399999999999999689e-01 0.000000000000000000e+00
-3.199999999999999512e-01 0.000000000000000000e+00
-2.999999999999999334e-01 0.000000000000000000e+00
-2.800000000000000266e-01 0.000000000000000000e+00
-2.600000000000000089e-01 0.000000000000000000e+00
-2.399999999999999911e-01 0.000000000000000000e+00
-2.199999999999999734e-01 0.000000000000000000e+00
-1.999999999999999556e-01 0.000000000000000000e+00
-1.799999999999999378e-01 0.000000000000000000e+00
-1.600000000000000311e-01 0.000000000000000000e+00
-1.400000000000000133e-01 0.000000000000000000e+00
-1.199999999999999956e-01 0.000000000000000000e+00
-9.999999999999997780e-02 0.000000000000000000e+00
-7.999999999999996003e-02 0.000000000000000000e+00
-5.999999999999994227e-02 0.000000000000000000e+00
-4.000000000000003553e-02 0.000000000000000000e+00
-2.000000000000001776e-02 0.000000000000000000e+00
0.000000000000000000e+00 0.000000000000000000e+00
2.000000000000001776e-02 0.000000000000000000e+00
4.000000000000003553e-02 0.000000000000000000e+00
6.000000000000005329e-02 0.000000000000000000e+00
8.000000000000007105e-02 0.000000000000000000e+00
1.000000000000000888e-01 0.000000000000000000e+00
1.200000000000001066e-01 0.000000000000000000e+00
1.400000000000001243e-01 0.000000000000000000e+00
1.599999999999999201e-01 0.000000000000000000e+00
1.799999999999999378e-01 0.000000000000000000e+00
1.999999999999999556e-01 0.000000000000000000e+00
2.199999999999999734e-01 0.000000000000000000e+00
2.399999999999999911e-01 0.000000000000000000e+00
2.600000000000000089e-01 0.000000000000000000e+00
2.800000000000000266e-01 0.000000000000000000e+00
3.000000000000000444e-01 0.000000000000000000e+00
3.200000000000000622e-01 0.000000000000000000e+00
3.400000000000000799e-01 0.000000000000000000e+00
3.600000000000000977e-01 0.000000000000000000e+00
3.800000000000001155e-01 0.000000000000000000e+00
4.000000000000001332e-01 0.000000000000000000e+00
4.199999999999999289e-01 0.000000000000000000e+00
4.399999999999999467e-01 0.000000000000000000e+00
4.599999999999999645e-01 0.000000000000000000e+00
4.799999999999999822e-01 0.000000000000000000e+00
5.000000000000000000e-01 0.000000000000000000e+00
5.200000000000000178e-01 0.000000000000000000e+00
5.400000000000000355e-01 0.000000000000000000e+00
5.600000000000000533e-01 0.000000000000000000e+00
5.800000000000000711e-01 0.000000000000000000e+00
6.000000000000000888e-01 0.000000000000000000e+00
6.200000000000001066e-01 0.000000000000000000e+00
6.400000000000001243e-01 0.000000000000000000e+00
6.600000000000001421e-01 0.000000000000000000e+00
6.799999999999999378e-01 0.000000000000000000e+00
6.999999999999999556e-01 0.000000000000000000e+00
7.199999999999999734e-01 0.000000000000000000e+00
7.399999999999999911e-01 0.000000000000000000e+00
7.600000000000000089e-01 0.000000000000000000e+00
7.800000000000000266e-01 0.000000000000000000e+00
8.000000000000000444e-01 0.000000000000000000e+00
8.200000000000000622e-01 0.000000000000000000e+00
8.400000000000000799e-01 0.000000000000000000e+00
8.600000000000000977e-01 0.000000000000000000e+00
8.800000000000001155e-01 0.000000000000000000e+00
9.000000000000001332e-01 0.000000000000000000e+00
9.199999999999999289e-01 0.000000000000000000e+00
9.399999999999999467e-01 0.000000000000000000e+00
9.599999999999999645e-01 0.000000000000000000e+00
9.799999999999999822e-01 0.000000000000000000e+00
