  0.9999811752826011      6.1358846491544747E-03
  0.9999247018391446      1.2271538285719924E-02
  0.9998305817958233      1.8406729905804816E-02
  0.9996988186962042      2.4541228522912285E-02
  0.9995294175010931      3.0674803176636624E-02
  0.9993223845883495      3.6807222941358823E-02
  0.9990777277526454      4.2938256934940815E-02
  0.9987954562051724      4.9067674327418005E-02
  0.9984755805732948      5.5195244349689937E-02
  0.9981181129001491      6.1320736302208579E-02
  0.9977230666441916      6.7443919563664055E-02
  0.9972904566786902      7.3564563599667418E-02
  0.9968202992911657      7.9682437971430099E-02
  0.9963126121827779      8.5797312344439864E-02
  0.9957674144676598      9.1908956497132695E-02
  0.9951847266721969      9.8017140329560566E-02
  0.9945645707342554      0.1041216338720545    
  0.9939069700023562      0.1102222072938830    
  0.9932119492347945      0.1163186309119047    
  0.9924795345987099      0.1224106751992161    
  0.9917097536690996      0.1284981107937931    
  0.9909026354277800      0.1345807085071261    
  0.9900582102622970      0.1406582393328491    
  0.9891765099647809      0.1467304744553617    
  0.9882575677307495      0.1527971852584434    
  0.9873014181578585      0.1588581433338614    
  0.9863080972445986      0.1649131204899699    
  0.9852776423889413      0.1709618887603012    
  0.9842100923869290      0.1770042204121487    
  0.9831054874312162      0.1830398879551409    
  0.9819638691095551      0.1890686641498062    
  0.9807852804032304      0.1950903220161282    
  0.9795697656854405      0.2011046348420919    
  0.9783173707196276      0.2071113761922186    
  0.9770281426577543      0.2131103199160914    
  0.9757021300385284      0.2191012401568698    
  0.9743393827855757      0.2250839113597929    
  0.9729399522055602      0.2310581082806711    
  0.9715038909862518      0.2370236059943672    
  0.9700312531945440      0.2429801799032639    
  0.9685220942744173      0.2489276057457202    
  0.9669764710448520      0.2548656596045146    
  0.9653944416976894      0.2607941179152755    
  0.9637760657954398      0.2667127574748984    
  0.9621214042690415      0.2726213554499489    
  0.9604305194155657      0.2785196893850530    
  0.9587034748958716      0.2844075372112718    
  0.9569403357322088      0.2902846772544623    
  0.9551411683057706      0.2961508882436237    
  0.9533060403541938      0.3020059493192279    
  0.9514350209690083      0.3078496400415347    
  0.9495281805930367      0.3136817403988913    
  0.9475855910177412      0.3195020308160155    
  0.9456073253805213      0.3253102921622627    
  0.9435934581619605      0.3311063057598761    
  0.9415440651830209      0.3368898533922198    
  0.9394592236021900      0.3426607173119941    
  0.9373390119125751      0.3484186802494342    
  0.9351835099389476      0.3541635254204901    
  0.9329927988347390      0.3598950365349878    
  0.9307669610789838      0.3656129978047735    
  0.9285060804732157      0.3713171939518372    
  0.9262102421383114      0.3770074102164178    
  0.9238795325112870      0.3826834323650894    
  0.9215140393420420      0.3883450466988258    
  0.9191138516900579      0.3939920400610477    
  0.9166790599210428      0.3996241998456463    
  0.9142097557035309      0.4052413140049894    
  0.9117060320054300      0.4108431710579034    
  0.9091679830905226      0.4164295600976366    
  0.9065957045149156      0.4220002707997991    
  0.9039892931234436      0.4275550934302815    
  0.9013488470460223      0.4330938188531514    
  0.8986744656939540      0.4386162385385271    
  0.8959662497561854      0.4441221445704286    
  0.8932243011955156      0.4496113296546060    
  0.8904487232447582      0.4550835871263432    
  0.8876396204028543      0.4605387109582393    
  0.8847970984309381      0.4659764957679655    
  0.8819212643483554      0.4713967368259969    
  0.8790122264286338      0.4767992300633214    
  0.8760700941954069      0.4821837720791220    
  0.8730949784182905      0.4875501601484352    
  0.8700869911087118      0.4928981922297832    
  0.8670462455156931      0.4982276669727811    
  0.8639728561215872      0.5035383837257168    
  0.8608669386377678      0.5088301425431062    
  0.8577286100002725      0.5141027441932209    
  0.8545579883654010      0.5193559901655887    
  0.8513551931052656      0.5245896826784680    
  0.8481203448032976      0.5298036246862938    
  0.8448535652497076      0.5349976198870964    
  0.8415549774368989      0.5401714727298920    
  0.8382247055548387      0.5453249884220455    
  0.8348628749863807      0.5504579729366039    
  0.8314696123025459      0.5555702330196013    
  0.8280450452577565      0.5606615761973350    
  0.8245893027850260      0.5657318107836123    
  0.8211025149911053      0.5707807458869662    
  0.8175848131515844      0.5758081914178443    
  0.8140363297059491      0.5808139580957636    
  0.8104571982525955      0.5857978574564378    
  0.8068475535438000      0.5907597018588731    
  0.8032075314806458      0.5956993044924322    
  0.7995372691079059      0.6006164793838679    
  0.7958369046088843      0.6055110414043244    
  0.7921065773002132      0.6103828062763084    
  0.7883464276266071      0.6152315905806257    
  0.7845565971555761      0.6200572117632881    
  0.7807372285720954      0.6248594881423852    
  0.7768884656732334      0.6296382389149259    
  0.7730104533627379      0.6343932841636444    
  0.7691033376455805      0.6391244448637747    
  0.7651672656224600      0.6438315428897903    
  0.7612023854842629      0.6485144010221113    
  0.7572088465064856      0.6531728429537755    
  0.7531867990436136      0.6578066932970774    
  0.7491363945234604      0.6624157775901706    
  0.7450577854414670      0.6669999223036362    
  0.7409511253549602      0.6715589548470172    
  0.7368165688773711      0.6760927035753148    
  0.7326542716724141      0.6806009977954518    
  0.7284643904482265      0.6850836677726991    
  0.7242470829514681      0.6895405447370657    
  0.7200025079613829      0.6939714608896527    
  0.7157308252838199      0.6983762494089715    
  0.7114321957452178      0.7027547444572240    
  0.7071067811865488      0.7071067811865462    
  0.7027547444572266      0.7114321957452152    
  0.6983762494089743      0.7157308252838174    
  0.6939714608896555      0.7200025079613804    
  0.6895405447370684      0.7242470829514656    
  0.6850836677727017      0.7284643904482238    
  0.6806009977954545      0.7326542716724114    
  0.6760927035753175      0.7368165688773686    
  0.6715589548470199      0.7409511253549578    
  0.6669999223036391      0.7450577854414647    
  0.6624157775901734      0.7491363945234580    
  0.6578066932970802      0.7531867990436112    
  0.6531728429537783      0.7572088465064832    
  0.6485144010221142      0.7612023854842604    
  0.6438315428897930      0.7651672656224575    
  0.6391244448637774      0.7691033376455783    
  0.6343932841636472      0.7730104533627355    
  0.6296382389149288      0.7768884656732311    
  0.6248594881423881      0.7807372285720931    
  0.6200572117632910      0.7845565971555740    
  0.6152315905806286      0.7883464276266049    
  0.6103828062763113      0.7921065773002110    
  0.6055110414043273      0.7958369046088821    
  0.6006164793838707      0.7995372691079037    
  0.5956993044924352      0.8032075314806435    
  0.5907597018588761      0.8068475535437979    
  0.5857978574564408      0.8104571982525934    
  0.5808139580957665      0.8140363297059469    
  0.5758081914178474      0.8175848131515824    
  0.5707807458869692      0.8211025149911033    
  0.5657318107836152      0.8245893027850238    
  0.5606615761973381      0.8280450452577543    
  0.5555702330196043      0.8314696123025438    
  0.5504579729366069      0.8348628749863787    
  0.5453249884220486      0.8382247055548366    
  0.5401714727298951      0.8415549774368970    
  0.5349976198870994      0.8448535652497057    
  0.5298036246862969      0.8481203448032959    
  0.5245896826784711      0.8513551931052637    
  0.5193559901655918      0.8545579883653991    
  0.5141027441932240      0.8577286100002707    
  0.5088301425431094      0.8608669386377659    
  0.5035383837257199      0.8639728561215854    
  0.4982276669727843      0.8670462455156913    
  0.4928981922297865      0.8700869911087102    
  0.4875501601484384      0.8730949784182887    
  0.4821837720791252      0.8760700941954052    
  0.4767992300633246      0.8790122264286321    
  0.4713967368260002      0.8819212643483537    
  0.4659764957679687      0.8847970984309365    
  0.4605387109582425      0.8876396204028527    
  0.4550835871263464      0.8904487232447566    
  0.4496113296546092      0.8932243011955140    
  0.4441221445704319      0.8959662497561839    
  0.4386162385385303      0.8986744656939524    
  0.4330938188531546      0.9013488470460207    
  0.4275550934302848      0.9039892931234421    
  0.4220002707998024      0.9065957045149142    
  0.4164295600976399      0.9091679830905212    
  0.4108431710579067      0.9117060320054287    
  0.4052413140049927      0.9142097557035294    
  0.3996241998456497      0.9166790599210415    
  0.3939920400610510      0.9191138516900566    
  0.3883450466988292      0.9215140393420407    
  0.3826834323650927      0.9238795325112855    
  0.3770074102164212      0.9262102421383102    
  0.3713171939518405      0.9285060804732144    
  0.3656129978047768      0.9307669610789826    
  0.3598950365349911      0.9329927988347378    
  0.3541635254204934      0.9351835099389464    
  0.3484186802494376      0.9373390119125737    
  0.3426607173119975      0.9394592236021888    
  0.3368898533922232      0.9415440651830196    
  0.3311063057598795      0.9435934581619592    
  0.3253102921622661      0.9456073253805202    
  0.3195020308160189      0.9475855910177400    
  0.3136817403988947      0.9495281805930356    
  0.3078496400415381      0.9514350209690073    
  0.3020059493192313      0.9533060403541929    
  0.2961508882436271      0.9551411683057698    
  0.2902846772544657      0.9569403357322079    
  0.2844075372112752      0.9587034748958704    
  0.2785196893850565      0.9604305194155649    
  0.2726213554499524      0.9621214042690407    
  0.2667127574749018      0.9637760657954390    
  0.2607941179152790      0.9653944416976883    
  0.2548656596045181      0.9669764710448512    
  0.2489276057457237      0.9685220942744163    
  0.2429801799032674      0.9700312531945432    
  0.2370236059943708      0.9715038909862509    
  0.2310581082806747      0.9729399522055593    
  0.2250839113597965      0.9743393827855750    
  0.2191012401568734      0.9757021300385277    
  0.2131103199160950      0.9770281426577535    
  0.2071113761922222      0.9783173707196269    
  0.2011046348420956      0.9795697656854397    
  0.1950903220161320      0.9807852804032296    
  0.1890686641498100      0.9819638691095544    
  0.1830398879551448      0.9831054874312156    
  0.1770042204121526      0.9842100923869283    
  0.1709618887603051      0.9852776423889406    
  0.1649131204899738      0.9863080972445979    
  0.1588581433338653      0.9873014181578577    
  0.1527971852584473      0.9882575677307488    
  0.1467304744553657      0.9891765099647803    
  0.1406582393328532      0.9900582102622966    
  0.1345807085071302      0.9909026354277794    
  0.1284981107937972      0.9917097536690990    
  0.1224106751992203      0.9924795345987095    
  0.1163186309119088      0.9932119492347940    
  0.1102222072938871      0.9939069700023555    
  0.1041216338720587      0.9945645707342550    
  9.8017140329564738E-02  0.9951847266721965    
  9.1908956497136891E-02  0.9957674144676594    
  8.5797312344444072E-02  0.9963126121827776    
  7.9682437971434331E-02  0.9968202992911652    
  7.3564563599671662E-02  0.9972904566786900    
  6.7443919563668311E-02  0.9977230666441913    
  6.1320736302212858E-02  0.9981181129001489    
  5.5195244349694252E-02  0.9984755805732945    
  4.9067674327422345E-02  0.9987954562051722    
  4.2938256934945172E-02  0.9990777277526453    
  3.6807222941363204E-02  0.9993223845883493    
  3.0674803176641017E-02  0.9995294175010930    
  2.4541228522916707E-02  0.9996988186962042    
  1.8406729905809262E-02  0.9998305817958233    
  1.2271538285724385E-02  0.9999247018391443    
  6.1358846491589570E-03  0.9999811752826011    
  4.5021244278949952E-15   1.000000000000000    
 -6.1358846491499519E-03  0.9999811752826011    
 -1.2271538285715382E-02  0.9999247018391446    
 -1.8406729905800253E-02  0.9998305817958235    
 -2.4541228522907701E-02  0.9996988186962043    
 -3.0674803176632017E-02  0.9995294175010933    
 -3.6807222941354209E-02  0.9993223845883497    
 -4.2938256934936178E-02  0.9990777277526456    
 -4.9067674327413344E-02  0.9987954562051725    
 -5.5195244349685252E-02  0.9984755805732950    
 -6.1320736302203870E-02  0.9981181129001495    
 -6.7443919563659346E-02  0.9977230666441920    
 -7.3564563599662697E-02  0.9972904566786906    
 -7.9682437971425366E-02  0.9968202992911661    
 -8.5797312344435120E-02  0.9963126121827785    
 -9.1908956497127938E-02  0.9957674144676603    
 -9.8017140329555786E-02  0.9951847266721973    
 -0.1041216338720498      0.9945645707342560    
 -0.1102222072938782      0.9939069700023566    
 -0.1163186309118999      0.9932119492347951    
 -0.1224106751992113      0.9924795345987105    
 -0.1284981107937883      0.9917097536691002    
 -0.1345807085071213      0.9909026354277807    
 -0.1406582393328443      0.9900582102622976    
 -0.1467304744553568      0.9891765099647816    
 -0.1527971852584385      0.9882575677307503    
 -0.1588581433338565      0.9873014181578592    
 -0.1649131204899649      0.9863080972445995    
 -0.1709618887602962      0.9852776423889420    
 -0.1770042204121437      0.9842100923869299    
 -0.1830398879551359      0.9831054874312173    
 -0.1890686641498012      0.9819638691095562    
 -0.1950903220161232      0.9807852804032315    
 -0.2011046348420868      0.9795697656854416    
 -0.2071113761922134      0.9783173707196287    
 -0.2131103199160863      0.9770281426577554    
 -0.2191012401568647      0.9757021300385298    
 -0.2250839113597877      0.9743393827855771    
 -0.2310581082806660      0.9729399522055614    
 -0.2370236059943620      0.9715038909862530    
 -0.2429801799032587      0.9700312531945453    
 -0.2489276057457150      0.9685220942744186    
 -0.2548656596045094      0.9669764710448536    
 -0.2607941179152703      0.9653944416976908    
 -0.2667127574748932      0.9637760657954413    
 -0.2726213554499438      0.9621214042690431    
 -0.2785196893850479      0.9604305194155674    
 -0.2844075372112666      0.9587034748958732    
 -0.2902846772544571      0.9569403357322104    
 -0.2961508882436185      0.9551411683057724    
 -0.3020059493192227      0.9533060403541955    
 -0.3078496400415296      0.9514350209690101    
 -0.3136817403988862      0.9495281805930384    
 -0.3195020308160104      0.9475855910177429    
 -0.3253102921622576      0.9456073253805232    
 -0.3311063057598711      0.9435934581619623    
 -0.3368898533922147      0.9415440651830227    
 -0.3426607173119891      0.9394592236021919    
 -0.3484186802494292      0.9373390119125769    
 -0.3541635254204850      0.9351835099389496    
 -0.3598950365349828      0.9329927988347411    
 -0.3656129978047684      0.9307669610789859    
 -0.3713171939518322      0.9285060804732177    
 -0.3770074102164129      0.9262102421383137    
 -0.3826834323650844      0.9238795325112890    
 -0.3883450466988209      0.9215140393420442    
 -0.3939920400610427      0.9191138516900601    
 -0.3996241998456414      0.9166790599210451    
 -0.4052413140049845      0.9142097557035332    
 -0.4108431710578985      0.9117060320054324    
 -0.4164295600976318      0.9091679830905248    
 -0.4220002707997944      0.9065957045149177    
 -0.4275550934302771      0.9039892931234457    
 -0.4330938188531471      0.9013488470460243    
 -0.4386162385385230      0.8986744656939561    
 -0.4441221445704247      0.8959662497561874    
 -0.4496113296546023      0.8932243011955175    
 -0.4550835871263398      0.8904487232447600    
 -0.4605387109582362      0.8876396204028560    
 -0.4659764957679625      0.8847970984309398    
 -0.4713967368259941      0.8819212643483570    
 -0.4767992300633188      0.8790122264286354    
 -0.4821837720791196      0.8760700941954083    
 -0.4875501601484330      0.8730949784182918    
 -0.4928981922297813      0.8700869911087130    
 -0.4982276669727793      0.8670462455156943    
 -0.5035383837257152      0.8639728561215881    
 -0.5088301425431048      0.8608669386377685    
 -0.5141027441932197      0.8577286100002733    
 -0.5193559901655878      0.8545579883654017    
 -0.5245896826784672      0.8513551931052662    
 -0.5298036246862932      0.8481203448032982    
 -0.5349976198870958      0.8448535652497081    
 -0.5401714727298918      0.8415549774368991    
 -0.5453249884220455      0.8382247055548387    
 -0.5504579729366039      0.8348628749863806    
 -0.5555702330196015      0.8314696123025457    
 -0.5606615761973355      0.8280450452577560    
 -0.5657318107836128      0.8245893027850255    
 -0.5707807458869672      0.8211025149911047    
 -0.5758081914178454      0.8175848131515837    
 -0.5808139580957648      0.8140363297059482    
 -0.5857978574564393      0.8104571982525946    
 -0.5907597018588747      0.8068475535437989    
 -0.5956993044924340      0.8032075314806443    
 -0.6006164793838698      0.7995372691079043    
 -0.6055110414043264      0.7958369046088828    
 -0.6103828062763106      0.7921065773002114    
 -0.6152315905806282      0.7883464276266053    
 -0.6200572117632905      0.7845565971555741    
 -0.6248594881423879      0.7807372285720931    
 -0.6296382389149288      0.7768884656732310    
 -0.6343932841636474      0.7730104533627353    
 -0.6391244448637778      0.7691033376455779    
 -0.6438315428897936      0.7651672656224570    
 -0.6485144010221148      0.7612023854842597    
 -0.6531728429537792      0.7572088465064824    
 -0.6578066932970812      0.7531867990436102    
 -0.6624157775901744      0.7491363945234569    
 -0.6669999223036404      0.7450577854414634    
 -0.6715589548470213      0.7409511253549564    
 -0.6760927035753191      0.7368165688773670    
 -0.6806009977954564      0.7326542716724098    
 -0.6850836677727038      0.7284643904482219    
 -0.6895405447370704      0.7242470829514636    
 -0.6939714608896576      0.7200025079613781    
 -0.6983762494089766      0.7157308252838149    
 -0.7027547444572291      0.7114321957452126    
 -0.7071067811865515      0.7071067811865435    
 -0.7114321957452205      0.7027547444572210    
 -0.7157308252838228      0.6983762494089684    
 -0.7200025079613860      0.6939714608896494    
 -0.7242470829514713      0.6895405447370622    
 -0.7284643904482298      0.6850836677726954    
 -0.7326542716724175      0.6806009977954481    
 -0.7368165688773746      0.6760927035753107    
 -0.7409511253549640      0.6715589548470130    
 -0.7450577854414710      0.6669999223036319    
 -0.7491363945234643      0.6624157775901660    
 -0.7531867990436176      0.6578066932970728    
 -0.7572088465064898      0.6531728429537706    
 -0.7612023854842671      0.6485144010221062    
 -0.7651672656224644      0.6438315428897849    
 -0.7691033376455852      0.6391244448637691    
 -0.7730104533627425      0.6343932841636386    
 -0.7768884656732382      0.6296382389149200    
 -0.7807372285721003      0.6248594881423792    
 -0.7845565971555811      0.6200572117632817    
 -0.7883464276266122      0.6152315905806192    
 -0.7921065773002183      0.6103828062763016    
 -0.7958369046088896      0.6055110414043175    
 -0.7995372691079112      0.6006164793838606    
 -0.8032075314806511      0.5956993044924250    
 -0.8068475535438056      0.5907597018588656    
 -0.8104571982526013      0.5857978574564300    
 -0.8140363297059548      0.5808139580957556    
 -0.8175848131515901      0.5758081914178361    
 -0.8211025149911112      0.5707807458869578    
 -0.8245893027850318      0.5657318107836035    
 -0.8280450452577623      0.5606615761973262    
 -0.8314696123025519      0.5555702330195922    
 -0.8348628749863868      0.5504579729365945    
 -0.8382247055548449      0.5453249884220359    
 -0.8415549774369054      0.5401714727298822    
 -0.8448535652497140      0.5349976198870863    
 -0.8481203448033042      0.5298036246862835    
 -0.8513551931052722      0.5245896826784575    
 -0.8545579883654076      0.5193559901655780    
 -0.8577286100002791      0.5141027441932099    
 -0.8608669386377745      0.5088301425430950    
 -0.8639728561215940      0.5035383837257054    
 -0.8670462455156999      0.4982276669727694    
 -0.8700869911087185      0.4928981922297714    
 -0.8730949784182973      0.4875501601484231    
 -0.8760700941954138      0.4821837720791097    
 -0.8790122264286406      0.4767992300633088    
 -0.8819212643483622      0.4713967368259841    
 -0.8847970984309450      0.4659764957679524    
 -0.8876396204028611      0.4605387109582261    
 -0.8904487232447650      0.4550835871263296    
 -0.8932243011955225      0.4496113296545922    
 -0.8959662497561924      0.4441221445704146    
 -0.8986744656939611      0.4386162385385128    
 -0.9013488470460292      0.4330938188531368    
 -0.9039892931234505      0.4275550934302667    
 -0.9065957045149226      0.4220002707997841    
 -0.9091679830905296      0.4164295600976214    
 -0.9117060320054371      0.4108431710578879    
 -0.9142097557035379      0.4052413140049736    
 -0.9166790599210500      0.3996241998456303    
 -0.9191138516900650      0.3939920400610315    
 -0.9215140393420491      0.3883450466988094    
 -0.9238795325112939      0.3826834323650726    
 -0.9262102421383185      0.3770074102164009    
 -0.9285060804732226      0.3713171939518200    
 -0.9307669610789908      0.3656129978047560    
 -0.9329927988347459      0.3598950365349700    
 -0.9351835099389545      0.3541635254204721    
 -0.9373390119125817      0.3484186802494161    
 -0.9394592236021968      0.3426607173119757    
 -0.9415440651830276      0.3368898533922011    
 -0.9435934581619672      0.3311063057598572    
 -0.9456073253805281      0.3253102921622435    
 -0.9475855910177478      0.3195020308159960    
 -0.9495281805930433      0.3136817403988716    
 -0.9514350209690149      0.3078496400415148    
 -0.9533060403542002      0.3020059493192077    
 -0.9551411683057771      0.2961508882436032    
 -0.9569403357322153      0.2902846772544415    
 -0.9587034748958778      0.2844075372112508    
 -0.9604305194155720      0.2785196893850318    
 -0.9621214042690477      0.2726213554499274    
 -0.9637760657954458      0.2667127574748766    
 -0.9653944416976954      0.2607941179152535    
 -0.9669764710448580      0.2548656596044924    
 -0.9685220942744230      0.2489276057456977    
 -0.9700312531945497      0.2429801799032412    
 -0.9715038909862573      0.2370236059943443    
 -0.9729399522055656      0.2310581082806480    
 -0.9743393827855814      0.2250839113597695    
 -0.9757021300385338      0.2191012401568462    
 -0.9770281426577597      0.2131103199160675    
 -0.9783173707196326      0.2071113761921945    
 -0.9795697656854454      0.2011046348420676    
 -0.9807852804032353      0.1950903220161038    
 -0.9819638691095600      0.1890686641497815    
 -0.9831054874312210      0.1830398879551160    
 -0.9842100923869336      0.1770042204121236    
 -0.9852776423889457      0.1709618887602758    
 -0.9863080972446030      0.1649131204899443    
 -0.9873014181578625      0.1588581433338356    
 -0.9882575677307535      0.1527971852584173    
 -0.9891765099647847      0.1467304744553354    
 -0.9900582102623007      0.1406582393328227    
 -0.9909026354277837      0.1345807085070994    
 -0.9917097536691030      0.1284981107937662    
 -0.9924795345987133      0.1224106751991890    
 -0.9932119492347977      0.1163186309118774    
 -0.9939069700023590      0.1102222072938554    
 -0.9945645707342583      0.1041216338720268    
 -0.9951847266721996      9.8017140329532540E-02
 -0.9957674144676625      9.1908956497104454E-02
 -0.9963126121827804      8.5797312344411397E-02
 -0.9968202992911680      7.9682437971401429E-02
 -0.9972904566786923      7.3564563599638498E-02
 -0.9977230666441935      6.7443919563634932E-02
 -0.9981181129001510      6.1320736302179241E-02
 -0.9984755805732963      5.5195244349660385E-02
 -0.9987954562051737      4.9067674327388257E-02
 -0.9990777277526468      4.2938256934910852E-02
 -0.9993223845883505      3.6807222941328657E-02
 -0.9995294175010940      3.0674803176606238E-02
 -0.9996988186962050      2.4541228522881690E-02
 -0.9998305817958239      1.8406729905774021E-02
 -0.9999247018391449      1.2271538285688922E-02
 -0.9999811752826014      6.1358846491232693E-03
  -1.000000000000000     -3.1407869240565705E-14
 -0.9999811752826009     -6.1358846491860831E-03
 -0.9999247018391441     -1.2271538285751734E-02
 -0.9998305817958229     -1.8406729905836824E-02
 -0.9996988186962035     -2.4541228522944492E-02
 -0.9995294175010922     -3.0674803176669025E-02
 -0.9993223845883483     -3.6807222941391426E-02
 -0.9990777277526439     -4.2938256934973603E-02
 -0.9987954562051708     -4.9067674327450985E-02
 -0.9984755805732929     -5.5195244349723101E-02
 -0.9981181129001472     -6.1320736302241933E-02
 -0.9977230666441894     -6.7443919563697588E-02
 -0.9972904566786878     -7.3564563599701154E-02
 -0.9968202992911628     -7.9682437971464026E-02
 -0.9963126121827750     -8.5797312344473970E-02
 -0.9957674144676566     -9.1908956497167003E-02
 -0.9951847266721935     -9.8017140329595065E-02
 -0.9945645707342519     -0.1041216338720892    
 -0.9939069700023521     -0.1102222072939179    
 -0.9932119492347904     -0.1163186309119397    
 -0.9924795345987056     -0.1224106751992513    
 -0.9917097536690949     -0.1284981107938285    
 -0.9909026354277753     -0.1345807085071617    
 -0.9900582102622920     -0.1406582393328849    
 -0.9891765099647757     -0.1467304744553976    
 -0.9882575677307439     -0.1527971852584794    
 -0.9873014181578525     -0.1588581433338976    
 -0.9863080972445925     -0.1649131204900063    
 -0.9852776423889349     -0.1709618887603377    
 -0.9842100923869225     -0.1770042204121854    
 -0.9831054874312096     -0.1830398879551778    
 -0.9819638691095481     -0.1890686641498432    
 -0.9807852804032232     -0.1950903220161654    
 -0.9795697656854329     -0.2011046348421292    
 -0.9783173707196196     -0.2071113761922560    
 -0.9770281426577462     -0.2131103199161289    
 -0.9757021300385200     -0.2191012401569075    
 -0.9743393827855670     -0.2250839113598307    
 -0.9729399522055510     -0.2310581082807091    
 -0.9715038909862424     -0.2370236059944053    
 -0.9700312531945343     -0.2429801799033022    
 -0.9685220942744075     -0.2489276057457586    
 -0.9669764710448420     -0.2548656596045531    
 -0.9653944416976789     -0.2607941179153142    
 -0.9637760657954291     -0.2667127574749372    
 -0.9621214042690306     -0.2726213554499879    
 -0.9604305194155544     -0.2785196893850921    
 -0.9587034748958600     -0.2844075372113110    
 -0.9569403357321969     -0.2902846772545017    
 -0.9551411683057585     -0.2961508882436633    
 -0.9533060403541813     -0.3020059493192676    
 -0.9514350209689955     -0.3078496400415745    
 -0.9495281805930235     -0.3136817403989312    
 -0.9475855910177277     -0.3195020308160555    
 -0.9456073253805075     -0.3253102921623029    
 -0.9435934581619463     -0.3311063057599164    
 -0.9415440651830065     -0.3368898533922603    
 -0.9394592236021752     -0.3426607173120347    
 -0.9373390119125599     -0.3484186802494749    
 -0.9351835099389323     -0.3541635254205309    
 -0.9329927988347234     -0.3598950365350287    
 -0.9307669610789677     -0.3656129978048145    
 -0.9285060804731992     -0.3713171939518783    
 -0.9262102421382947     -0.3770074102164590    
 -0.9238795325112698     -0.3826834323651307    
 -0.9215140393420247     -0.3883450466988673    
 -0.9191138516900401     -0.3939920400610892    
 -0.9166790599210247     -0.3996241998456880    
 -0.9142097557035124     -0.4052413140050311    
 -0.9117060320054113     -0.4108431710579452    
 -0.9091679830905035     -0.4164295600976785    
 -0.9065957045148962     -0.4220002707998411    
 -0.9039892931234237     -0.4275550934303235    
 -0.9013488470460020     -0.4330938188531935    
 -0.8986744656939336     -0.4386162385385692    
 -0.8959662497561644     -0.4441221445704709    
 -0.8932243011954943     -0.4496113296546483    
 -0.8904487232447366     -0.4550835871263856    
 -0.8876396204028323     -0.4605387109582818    
 -0.8847970984309157     -0.4659764957680081    
 -0.8819212643483326     -0.4713967368260396    
 -0.8790122264286108     -0.4767992300633640    
 -0.8760700941953835     -0.4821837720791647    
 -0.8730949784182667     -0.4875501601484780    
 -0.8700869911086876     -0.4928981922298260    
 -0.8670462455156685     -0.4982276669728239    
 -0.8639728561215622     -0.5035383837257596    
 -0.8608669386377424     -0.5088301425431492    
 -0.8577286100002468     -0.5141027441932638    
 -0.8545579883653749     -0.5193559901656317    
 -0.8513551931052393     -0.5245896826785110    
 -0.8481203448032709     -0.5298036246863368    
 -0.8448535652496804     -0.5349976198871393    
 -0.8415549774368714     -0.5401714727299351    
 -0.8382247055548106     -0.5453249884220885    
 -0.8348628749863522     -0.5504579729366471    
 -0.8314696123025172     -0.5555702330196444    
 -0.8280450452577273     -0.5606615761973783    
 -0.8245893027849964     -0.5657318107836553    
 -0.8211025149910754     -0.5707807458870095    
 -0.8175848131515541     -0.5758081914178874    
 -0.8140363297059183     -0.5808139580958066    
 -0.8104571982525643     -0.5857978574564810    
 -0.8068475535437685     -0.5907597018589163    
 -0.8032075314806137     -0.5956993044924753    
 -0.7995372691078734     -0.6006164793839109    
 -0.7958369046088516     -0.6055110414043676    
 -0.7921065773001801     -0.6103828062763513    
 -0.7883464276265736     -0.6152315905806687    
 -0.7845565971555421     -0.6200572117633311    
 -0.7807372285720611     -0.6248594881424282    
 -0.7768884656731987     -0.6296382389149687    
 -0.7730104533627028     -0.6343932841636872    
 -0.7691033376455450     -0.6391244448638173    
 -0.7651672656224240     -0.6438315428898330    
 -0.7612023854842265     -0.6485144010221540    
 -0.7572088465064489     -0.6531728429538182    
 -0.7531867990435764     -0.6578066932971201    
 -0.7491363945234228     -0.6624157775902131    
 -0.7450577854414291     -0.6669999223036788    
 -0.7409511253549218     -0.6715589548470595    
 -0.7368165688773322     -0.6760927035753570    
 -0.7326542716723747     -0.6806009977954941    
 -0.7284643904481868     -0.6850836677727412    
 -0.7242470829514282     -0.6895405447371076    
 -0.7200025079613425     -0.6939714608896947    
 -0.7157308252837790     -0.6983762494090134    
 -0.7114321957451764     -0.7027547444572659    
 -0.7071067811865071     -0.7071067811865879    
 -0.7027547444571846     -0.7114321957452568    
 -0.6983762494089317     -0.7157308252838588    
 -0.6939714608896124     -0.7200025079614217    
 -0.6895405447370250     -0.7242470829515069    
 -0.6850836677726581     -0.7284643904482651    
 -0.6806009977954103     -0.7326542716724526    
 -0.6760927035752728     -0.7368165688774095    
 -0.6715589548469750     -0.7409511253549985    
 -0.6669999223035936     -0.7450577854415052    
 -0.6624157775901275     -0.7491363945234985    
 -0.6578066932970340     -0.7531867990436515    
 -0.6531728429537320     -0.7572088465065233    
 -0.6485144010220677     -0.7612023854843000    
 -0.6438315428897467     -0.7651672656224967    
 -0.6391244448637309     -0.7691033376456170    
 -0.6343932841636007     -0.7730104533627739    
 -0.6296382389148822     -0.7768884656732689    
 -0.6248594881423414     -0.7807372285721304    
 -0.6200572117632442     -0.7845565971556108    
 -0.6152315905805819     -0.7883464276266414    
 -0.6103828062762644     -0.7921065773002472    
 -0.6055110414042804     -0.7958369046089178    
 -0.6006164793838238     -0.7995372691079390    
 -0.5956993044923882     -0.8032075314806783    
 -0.5907597018588291     -0.8068475535438323    
 -0.5857978574563938     -0.8104571982526274    
 -0.5808139580957195     -0.8140363297059805    
 -0.5758081914178002     -0.8175848131516155    
 -0.5707807458869221     -0.8211025149911361    
 -0.5657318107835680     -0.8245893027850561    
 -0.5606615761972909     -0.8280450452577863    
 -0.5555702330195571     -0.8314696123025753    
 -0.5504579729365597     -0.8348628749864098    
 -0.5453249884220014     -0.8382247055548673    
 -0.5401714727298479     -0.8415549774369273    
 -0.5349976198870522     -0.8448535652497356    
 -0.5298036246862497     -0.8481203448033253    
 -0.5245896826784240     -0.8513551931052927    
 -0.5193559901655447     -0.8545579883654277    
 -0.5141027441931769     -0.8577286100002989    
 -0.5088301425430623     -0.8608669386377938    
 -0.5035383837256728     -0.8639728561216128    
 -0.4982276669727372     -0.8670462455157183    
 -0.4928981922297394     -0.8700869911087366    
 -0.4875501601483914     -0.8730949784183149    
 -0.4821837720790783     -0.8760700941954310    
 -0.4767992300632776     -0.8790122264286575    
 -0.4713967368259532     -0.8819212643483787    
 -0.4659764957679218     -0.8847970984309611    
 -0.4605387109581957     -0.8876396204028770    
 -0.4550835871262996     -0.8904487232447804    
 -0.4496113296545625     -0.8932243011955374    
 -0.4441221445703852     -0.8959662497562069    
 -0.4386162385384837     -0.8986744656939752    
 -0.4330938188531081     -0.9013488470460430    
 -0.4275550934302384     -0.9039892931234640    
 -0.4220002707997560     -0.9065957045149355    
 -0.4164295600975936     -0.9091679830905423    
 -0.4108431710578604     -0.9117060320054494    
 -0.4052413140049465     -0.9142097557035497    
 -0.3996241998456035     -0.9166790599210615    
 -0.3939920400610050     -0.9191138516900762    
 -0.3883450466987832     -0.9215140393420600    
 -0.3826834323650468     -0.9238795325113045    
 -0.3770074102163754     -0.9262102421383287    
 -0.3713171939517949     -0.9285060804732326    
 -0.3656129978047312     -0.9307669610790004    
 -0.3598950365349457     -0.9329927988347552    
 -0.3541635254204481     -0.9351835099389637    
 -0.3484186802493924     -0.9373390119125906    
 -0.3426607173119524     -0.9394592236022053    
 -0.3368898533921781     -0.9415440651830357    
 -0.3311063057598346     -0.9435934581619749    
 -0.3253102921622213     -0.9456073253805356    
 -0.3195020308159742     -0.9475855910177550    
 -0.3136817403988501     -0.9495281805930504    
 -0.3078496400414937     -0.9514350209690217    
 -0.3020059493191870     -0.9533060403542068    
 -0.2961508882435829     -0.9551411683057833    
 -0.2902846772544217     -0.9569403357322211    
 -0.2844075372112312     -0.9587034748958836    
 -0.2785196893850126     -0.9604305194155775    
 -0.2726213554499087     -0.9621214042690529    
 -0.2667127574748583     -0.9637760657954508    
 -0.2607941179152356     -0.9653944416977000    
 -0.2548656596044748     -0.9669764710448625    
 -0.2489276057456806     -0.9685220942744275    
 -0.2429801799032245     -0.9700312531945539    
 -0.2370236059943280     -0.9715038909862612    
 -0.2310581082806321     -0.9729399522055694    
 -0.2250839113597540     -0.9743393827855848    
 -0.2191012401568311     -0.9757021300385371    
 -0.2131103199160529     -0.9770281426577628    
 -0.2071113761921802     -0.9783173707196357    
 -0.2011046348420538     -0.9795697656854483    
 -0.1950903220160903     -0.9807852804032379    
 -0.1890686641497685     -0.9819638691095625    
 -0.1830398879551034     -0.9831054874312233    
 -0.1770042204121114     -0.9842100923869357    
 -0.1709618887602641     -0.9852776423889476    
 -0.1649131204899330     -0.9863080972446048    
 -0.1588581433338247     -0.9873014181578642    
 -0.1527971852584069     -0.9882575677307550    
 -0.1467304744553254     -0.9891765099647863    
 -0.1406582393328131     -0.9900582102623023    
 -0.1345807085070903     -0.9909026354277849    
 -0.1284981107937575     -0.9917097536691042    
 -0.1224106751991807     -0.9924795345987144    
 -0.1163186309118695     -0.9932119492347986    
 -0.1102222072938480     -0.9939069700023600    
 -0.1041216338720197     -0.9945645707342592    
 -9.8017140329525971E-02 -0.9951847266722002    
 -9.1908956497098327E-02 -0.9957674144676629    
 -8.5797312344405711E-02 -0.9963126121827810    
 -7.9682437971396160E-02 -0.9968202992911685    
 -7.3564563599633682E-02 -0.9972904566786927    
 -6.7443919563630545E-02 -0.9977230666441939    
 -6.1320736302175307E-02 -0.9981181129001511    
 -5.5195244349656904E-02 -0.9984755805732965    
 -4.9067674327385199E-02 -0.9987954562051741    
 -4.2938256934908253E-02 -0.9990777277526468    
 -3.6807222941326487E-02 -0.9993223845883507    
 -3.0674803176604527E-02 -0.9995294175010941    
 -2.4541228522880423E-02 -0.9996988186962050    
 -1.8406729905773196E-02 -0.9998305817958238    
 -1.2271538285688539E-02 -0.9999247018391449    
 -6.1358846491233313E-03 -0.9999811752826014    
  3.0902547701321274E-14  -1.000000000000000    
  6.1358846491851342E-03 -0.9999811752826009    
  1.2271538285750341E-02 -0.9999247018391441    
  1.8406729905834991E-02 -0.9998305817958229    
  2.4541228522942209E-02 -0.9996988186962035    
  3.0674803176666301E-02 -0.9995294175010922    
  3.6807222941388261E-02 -0.9993223845883484    
  4.2938256934969997E-02 -0.9990777277526442    
  4.9067674327446944E-02 -0.9987954562051710    
  5.5195244349718618E-02 -0.9984755805732931    
  6.1320736302236998E-02 -0.9981181129001474    
  6.7443919563692224E-02 -0.9977230666441896    
  7.3564563599695337E-02 -0.9972904566786882    
  7.9682437971457791E-02 -0.9968202992911634    
  8.5797312344467282E-02 -0.9963126121827756    
  9.1908956497159874E-02 -0.9957674144676572    
  9.8017140329587483E-02 -0.9951847266721942    
  0.1041216338720812     -0.9945645707342526    
  0.1102222072939094     -0.9939069700023531    
  0.1163186309119309     -0.9932119492347914    
  0.1224106751992420     -0.9924795345987067    
  0.1284981107938188     -0.9917097536690962    
  0.1345807085071515     -0.9909026354277766    
  0.1406582393328743     -0.9900582102622935    
  0.1467304744553865     -0.9891765099647774    
  0.1527971852584679     -0.9882575677307457    
  0.1588581433338857     -0.9873014181578546    
  0.1649131204899939     -0.9863080972445946    
  0.1709618887603250     -0.9852776423889371    
  0.1770042204121722     -0.9842100923869249    
  0.1830398879551642     -0.9831054874312119    
  0.1890686641498291     -0.9819638691095508    
  0.1950903220161509     -0.9807852804032260    
  0.2011046348421143     -0.9795697656854359    
  0.2071113761922407     -0.9783173707196229    
  0.2131103199161132     -0.9770281426577497    
  0.2191012401568914     -0.9757021300385237    
  0.2250839113598142     -0.9743393827855709    
  0.2310581082806922     -0.9729399522055551    
  0.2370236059943880     -0.9715038909862468    
  0.2429801799032844     -0.9700312531945387    
  0.2489276057457405     -0.9685220942744120    
  0.2548656596045346     -0.9669764710448468    
  0.2607941179152953     -0.9653944416976839    
  0.2667127574749179     -0.9637760657954344    
  0.2726213554499682     -0.9621214042690362    
  0.2785196893850721     -0.9604305194155602    
  0.2844075372112905     -0.9587034748958660    
  0.2902846772544808     -0.9569403357322032    
  0.2961508882436420     -0.9551411683057652    
  0.3020059493192459     -0.9533060403541882    
  0.3078496400415525     -0.9514350209690027    
  0.3136817403989089     -0.9495281805930309    
  0.3195020308160328     -0.9475855910177354    
  0.3253102921622797     -0.9456073253805155    
  0.3311063057598930     -0.9435934581619545    
  0.3368898533922364     -0.9415440651830149    
  0.3426607173120104     -0.9394592236021842    
  0.3484186802494503     -0.9373390119125690    
  0.3541635254205059     -0.9351835099389416    
  0.3598950365350034     -0.9329927988347331    
  0.3656129978047888     -0.9307669610789778    
  0.3713171939518523     -0.9285060804732097    
  0.3770074102164327     -0.9262102421383054    
  0.3826834323651040     -0.9238795325112810    
  0.3883450466988403     -0.9215140393420360    
  0.3939920400610617     -0.9191138516900519    
  0.3996241998456602     -0.9166790599210368    
  0.4052413140050030     -0.9142097557035248    
  0.4108431710579168     -0.9117060320054240    
  0.4164295600976498     -0.9091679830905166    
  0.4220002707998121     -0.9065957045149095    
  0.4275550934302942     -0.9039892931234375    
  0.4330938188531638     -0.9013488470460162    
  0.4386162385385392     -0.8986744656939481    
  0.4441221445704406     -0.8959662497561796    
  0.4496113296546177     -0.8932243011955097    
  0.4550835871263546     -0.8904487232447523    
  0.4605387109582506     -0.8876396204028485    
  0.4659764957679766     -0.8847970984309324    
  0.4713967368260077     -0.8819212643483496    
  0.4767992300633320     -0.8790122264286281    
  0.4821837720791323     -0.8760700941954014    
  0.4875501601484452     -0.8730949784182849    
  0.4928981922297931     -0.8700869911087062    
  0.4982276669727907     -0.8670462455156876    
  0.5035383837257261     -0.8639728561215817    
  0.5088301425431154     -0.8608669386377623    
  0.5141027441932299     -0.8577286100002671    
  0.5193559901655975     -0.8545579883653958    
  0.5245896826784766     -0.8513551931052604    
  0.5298036246863021     -0.8481203448032925    
  0.5349976198871044     -0.8448535652497025    
  0.5401714727298999     -0.8415549774368939    
  0.5453249884220531     -0.8382247055548337    
  0.5504579729366113     -0.8348628749863758    
  0.5555702330196085     -0.8314696123025410    
  0.5606615761973420     -0.8280450452577516    
  0.5657318107836190     -0.8245893027850213    
  0.5707807458869729     -0.8211025149911008    
  0.5758081914178506     -0.8175848131515800    
  0.5808139580957696     -0.8140363297059447    
  0.5857978574564438     -0.8104571982525913    
  0.5907597018588790     -0.8068475535437958    
  0.5956993044924378     -0.8032075314806415    
  0.6006164793838732     -0.7995372691079018    
  0.6055110414043295     -0.7958369046088804    
  0.6103828062763133     -0.7921065773002094    
  0.6152315905806305     -0.7883464276266035    
  0.6200572117632927     -0.7845565971555724    
  0.6248594881423895     -0.7807372285720919    
  0.6296382389149301     -0.7768884656732301    
  0.6343932841636482     -0.7730104533627346    
  0.6391244448637784     -0.7691033376455773    
  0.6438315428897939     -0.7651672656224569    
  0.6485144010221146     -0.7612023854842598    
  0.6531728429537787     -0.7572088465064828    
  0.6578066932970805     -0.7531867990436108    
  0.6624157775901734     -0.7491363945234578    
  0.6669999223036389     -0.7450577854414647    
  0.6715589548470197     -0.7409511253549579    
  0.6760927035753170     -0.7368165688773688    
  0.6806009977954539     -0.7326542716724119    
  0.6850836677727010     -0.7284643904482245    
  0.6895405447370675     -0.7242470829514664    
  0.6939714608896543     -0.7200025079613812    
  0.6983762494089730     -0.7157308252838185    
  0.7027547444572253     -0.7114321957452165    
  0.7071067811865474     -0.7071067811865476    
  0.7114321957452161     -0.7027547444572257    
  0.7157308252838181     -0.6983762494089733    
  0.7200025079613810     -0.6939714608896546    
  0.7242470829514661     -0.6895405447370677    
  0.7284643904482242     -0.6850836677727015    
  0.7326542716724117     -0.6806009977954543    
  0.7368165688773686     -0.6760927035753174    
  0.7409511253549577     -0.6715589548470200    
  0.7450577854414644     -0.6669999223036393    
  0.7491363945234576     -0.6624157775901738    
  0.7531867990436106     -0.6578066932970809    
  0.7572088465064825     -0.6531728429537791    
  0.7612023854842596     -0.6485144010221150    
  0.7651672656224566     -0.6438315428897942    
  0.7691033376455772     -0.6391244448637787    
  0.7730104533627343     -0.6343932841636486    
  0.7768884656732297     -0.6296382389149305    
  0.7807372285720916     -0.6248594881423899    
  0.7845565971555723     -0.6200572117632930    
  0.7883464276266031     -0.6152315905806308    
  0.7921065773002090     -0.6103828062763137    
  0.7958369046088802     -0.6055110414043299    
  0.7995372691079016     -0.6006164793838736    
  0.8032075314806412     -0.5956993044924381    
  0.8068475535437956     -0.5907597018588793    
  0.8104571982525910     -0.5857978574564441    
  0.8140363297059444     -0.5808139580957701    
  0.8175848131515796     -0.5758081914178510    
  0.8211025149911005     -0.5707807458869733    
  0.8245893027850209     -0.5657318107836193    
  0.8280450452577513     -0.5606615761973425    
  0.8314696123025408     -0.5555702330196089    
  0.8348628749863755     -0.5504579729366117    
  0.8382247055548334     -0.5453249884220535    
  0.8415549774368937     -0.5401714727299002    
  0.8448535652497022     -0.5349976198871048    
  0.8481203448032924     -0.5298036246863025    
  0.8513551931052601     -0.5245896826784769    
  0.8545579883653955     -0.5193559901655979    
  0.8577286100002670     -0.5141027441932302    
  0.8608669386377621     -0.5088301425431157    
  0.8639728561215814     -0.5035383837257265    
  0.8670462455156873     -0.4982276669727911    
  0.8700869911087060     -0.4928981922297935    
  0.8730949784182847     -0.4875501601484457    
  0.8760700941954011     -0.4821837720791327    
  0.8790122264286278     -0.4767992300633324    
  0.8819212643483493     -0.4713967368260081    
  0.8847970984309322     -0.4659764957679769    
  0.8876396204028482     -0.4605387109582510    
  0.8904487232447522     -0.4550835871263551    
  0.8932243011955096     -0.4496113296546181    
  0.8959662497561793     -0.4441221445704409    
  0.8986744656939479     -0.4386162385385396    
  0.9013488470460161     -0.4330938188531642    
  0.9039892931234373     -0.4275550934302946    
  0.9065957045149095     -0.4220002707998124    
  0.9091679830905163     -0.4164295600976502    
  0.9117060320054239     -0.4108431710579172    
  0.9142097557035247     -0.4052413140050034    
  0.9166790599210366     -0.3996241998456606    
  0.9191138516900517     -0.3939920400610622    
  0.9215140393420359     -0.3883450466988406    
  0.9238795325112808     -0.3826834323651043    
  0.9262102421383053     -0.3770074102164331    
  0.9285060804732095     -0.3713171939518526    
  0.9307669610789777     -0.3656129978047892    
  0.9329927988347329     -0.3598950365350038    
  0.9351835099389416     -0.3541635254205063    
  0.9373390119125688     -0.3484186802494507    
  0.9394592236021839     -0.3426607173120108    
  0.9415440651830148     -0.3368898533922367    
  0.9435934581619544     -0.3311063057598933    
  0.9456073253805153     -0.3253102921622801    
  0.9475855910177352     -0.3195020308160331    
  0.9495281805930308     -0.3136817403989092    
  0.9514350209690026     -0.3078496400415529    
  0.9533060403541880     -0.3020059493192464    
  0.9551411683057649     -0.2961508882436423    
  0.9569403357322030     -0.2902846772544811    
  0.9587034748958658     -0.2844075372112909    
  0.9604305194155601     -0.2785196893850724    
  0.9621214042690361     -0.2726213554499686    
  0.9637760657954344     -0.2667127574749182    
  0.9653944416976838     -0.2607941179152957    
  0.9669764710448468     -0.2548656596045350    
  0.9685220942744119     -0.2489276057457408    
  0.9700312531945386     -0.2429801799032848    
  0.9715038909862466     -0.2370236059943884    
  0.9729399522055550     -0.2310581082806926    
  0.9743393827855709     -0.2250839113598146    
  0.9757021300385236     -0.2191012401568918    
  0.9770281426577494     -0.2131103199161137    
  0.9783173707196229     -0.2071113761922411    
  0.9795697656854359     -0.2011046348421147    
  0.9807852804032258     -0.1950903220161514    
  0.9819638691095508     -0.1890686641498296    
  0.9831054874312119     -0.1830398879551646    
  0.9842100923869247     -0.1770042204121726    
  0.9852776423889370     -0.1709618887603254    
  0.9863080972445946     -0.1649131204899943    
  0.9873014181578543     -0.1588581433338861    
  0.9882575677307456     -0.1527971852584684    
  0.9891765099647772     -0.1467304744553870    
  0.9900582102622935     -0.1406582393328747    
  0.9909026354277765     -0.1345807085071519    
  0.9917097536690961     -0.1284981107938192    
  0.9924795345987067     -0.1224106751992425    
  0.9932119492347914     -0.1163186309119313    
  0.9939069700023530     -0.1102222072939099    
  0.9945645707342526     -0.1041216338720816    
  0.9951847266721940     -9.8017140329587913E-02
  0.9957674144676572     -9.1908956497160304E-02
  0.9963126121827756     -8.5797312344467723E-02
  0.9968202992911634     -7.9682437971458197E-02
  0.9972904566786879     -7.3564563599695766E-02
  0.9977230666441896     -6.7443919563692653E-02
  0.9981181129001473     -6.1320736302237427E-02
  0.9984755805732931     -5.5195244349719036E-02
  0.9987954562051710     -4.9067674327447367E-02
  0.9990777277526442     -4.2938256934970421E-02
  0.9993223845883483     -3.6807222941388679E-02
  0.9995294175010922     -3.0674803176666731E-02
  0.9996988186962035     -2.4541228522942638E-02
  0.9998305817958229     -1.8406729905835423E-02
  0.9999247018391441     -1.2271538285750768E-02
  0.9999811752826009     -6.1358846491855621E-03
   1.000000000000000     -3.1331174007081860E-14
  0.9999811752826014      6.1358846491229022E-03
