1.502384960204549134e+04 5.096482452306896448e+03
1.516584922223491594e+04 5.071483801994007081e+03
1.528809847173804883e+04 5.091484312525484711e+03
1.538334800631913822e+04 5.094984907518140972e+03
1.548572267714224290e+04 5.083485785237979144e+03
1.556522240885556675e+04 5.076986436342820525e+03
1.568572221376560628e+04 5.049487741392105818e+03
1.578297292126098182e+04 4.959489988305605948e+03
1.583984845841384958e+04 4.899491462179925293e+03
1.592410013417724986e+04 4.745494840784464031e+03
1.607397641124704387e+04 4.616998385876882821e+03
1.627872730526747182e+04 4.518001961291767657e+03
1.641160275532794185e+04 4.468004074012860656e+03
1.653410308332124259e+04 4.392005875937175006e+03
1.668760267418145668e+04 4.317507000660523772e+03
1.685585223958850838e+04 4.200508187862113118e+03
1.695497696971357800e+04 4.072508781540207565e+03
1.708185173501668032e+04 3.953509689345490187e+03
1.725997653089405503e+04 3.889511236207094043e+03
1.733860144554381259e+04 3.774511773185804486e+03
1.737697641771868803e+04 3.635511908722110093e+03
1.732860140237573069e+04 3.475511145828757435e+03
1.744310140702070203e+04 3.380512148212175816e+03
1.748197642422479112e+04 3.288012400994542986e+03
1.759260148603795096e+04 3.232513467843178660e+03
1.762460152489610482e+04 3.180013730840291828e+03
1.769885062134498730e+04 3.137514163361396641e+03
1.782372273356292862e+04 2.989514490195084363e+03
1.791659557408443652e+04 2.938514852177817374e+03
1.797496934195875656e+04 2.859015147540718317e+03
1.808934197068330832e+04 2.729515822741668671e+03
1.818696506749908440e+04 2.616016548960935324e+03
1.827058856417646166e+04 2.500517311673611403e+03
1.830883788428839762e+04 2.453517681898549199e+03
1.837346176375611685e+04 2.378018346520606428e+03
1.848220999603031669e+04 2.243519618379417807e+03
1.850521011788048781e+04 2.107520294853951782e+03
1.850921046908874996e+04 2.009020675167907029e+03
1.846496175485616550e+04 1.912520567716564983e+03
1.855571034264843911e+04 1.835021783282049000e+03
1.854358592039509676e+04 1.757521942871622741e+03
1.852333794154622592e+04 1.580022654552478343e+03
1.859508863598632161e+04 1.417024654028937221e+03
1.869096234236157034e+04 1.380026213651988655e+03
1.864583926233707462e+04 1.291526230989489704e+03
1.857034066704451106e+04 1.289025184529367834e+03
1.845496792118519079e+04 1.277023616455029696e+03
1.841209447518992238e+04 1.214523348910734057e+03
1.828459687385661528e+04 1.208021508995909244e+03
1.822209881754312664e+04 1.141520881218370050e+03
1.814522570312418975e+04 1.101519869180861861e+03
1.797210407419386320e+04 1.083017246404197067e+03
1.786810608016315382e+04 1.073515659789554775e+03
1.782210724443010986e+04 1.045514988367445767e+03
1.773173423193569761e+04 1.016513595106545836e+03
1.775398478264082223e+04 9.365140349743887782e+02
1.758961155900766607e+04 8.460116068120114505e+02
1.764186380964226555e+04 6.680124629973433912e+02
1.763836554321087897e+04 5.175124924816191196e+02
1.771886675489915069e+04 4.050138683356344700e+02
1.777549189046921674e+04 3.090151055757887661e+02
1.771374433492030948e+04 1.960139002548530698e+02
1.764661990539089311e+04 1.445128182666376233e+02
1.758649688245763537e+04 -4.098805696144700050e+01
1.759699904650426470e+04 -2.244878134275786579e+02
1.761125081720994785e+04 -3.729875045469962060e+02
1.767475296184816398e+04 -5.419863432599231601e+02
1.750462848029367160e+04 -6.259892510441131890e+02
1.737375508763978723e+04 -7.924915379616431892e+02
1.730988162770762574e+04 -9.364927011081017554e+02
1.713888304209872149e+04 -1.091495865745469928e+03
1.714851223929529078e+04 -1.305992348932195455e+03
1.721401413985504769e+04 -1.395989524391479790e+03
1.716864122684998438e+04 -1.504988663672469556e+03
1.715639182041562162e+04 -1.535488423035945743e+03
1.711151953909290023e+04 -1.674487150295637548e+03
1.701239767002966255e+04 -1.832986938735470176e+03
1.699539965895516798e+04 -1.930985845510382205e+03
1.701777656570693944e+04 -2.024983859551139176e+03
1.701728268504771404e+04 -2.325979260791093111e+03
1.731503718004701659e+04 -2.571467010312248021e+03
1.768340845934918616e+04 -2.404459768530447036e+03
1.798990004175400827e+04 -2.220951997480820864e+03
1.823252019494876731e+04 -2.223942267477512360e+03
1.840064363897044677e+04 -2.333932760198600590e+03
1.846551955362409353e+04 -2.469426596359815449e+03
1.860239208768645767e+04 -2.493420201652217656e+03
1.883276200410723686e+04 -2.477410944693721831e+03
1.910238045523141045e+04 -2.415901498089078814e+03
1.915038052705675364e+04 -2.488897196707781404e+03
1.919275563382951077e+04 -2.557893212000373751e+03
1.918225791932083666e+04 -2.699389158936683089e+03
1.920025836706603877e+04 -2.756886539322324097e+03
1.925963354271184653e+04 -2.859380580507684499e+03
1.926501001054793596e+04 -2.969876759153325111e+03
1.932688505934784189e+04 -3.070870584022253752e+03
1.930701209622004535e+04 -3.182367872599978000e+03
1.927951498072023969e+04 -3.339364105314016342e+03
1.922526769446500111e+04 -3.438863607473205775e+03
1.910127178922714666e+04 -3.517867373652756214e+03
1.906614867114182562e+04 -3.587367026096209884e+03
1.890990372440509964e+04 -3.671872560182586312e+03
1.887753009584406391e+04 -3.709873139391653240e+03
1.866028675855905749e+04 -3.794882175247650594e+03
1.855653994229820091e+04 -3.903881531138904393e+03
1.846591670872957911e+04 -3.997878254543058574e+03
1.836766864588169847e+04 -4.094375194067601115e+03
1.838804222264094278e+04 -4.265859140327665955e+03
1.842304065438453108e+04 -4.398845639302395284e+03
1.840816524438513443e+04 -4.543833823681809008e+03
1.832016710281302221e+04 -4.600833704210352153e+03
1.825566857756883837e+04 -4.619835595828481019e+03
1.820416963460820261e+04 -4.657835128087084740e+03
1.817916985611617565e+04 -4.729330294499173760e+03
1.809617158720851876e+04 -4.782830229865852743e+03
1.806117200020956807e+04 -4.862325268354266882e+03
1.801029779764532577e+04 -4.941821191335562617e+03
1.786180158131709322e+04 -4.910832091104704887e+03
1.774217865126905963e+04 -4.937335840492974967e+03
1.762643033011187799e+04 -4.793852962773758918e+03
1.758943113159842324e+04 -4.700362520972266793e+03
1.736843379226897378e+04 -4.494389096098951995e+03
1.705743666913057677e+04 -4.336914885536767542e+03
1.678306381903891452e+04 -4.255432600375264883e+03
1.659281381569569930e+04 -4.524917429979890585e+03
1.642031454444781411e+04 -4.624915948269423097e+03
1.597431762826535851e+04 -4.609935058047063649e+03
1.566819496038963553e+04 -4.526954108943231404e+03
1.553819552738335915e+04 -4.623451409485191107e+03
1.521144758150354028e+04 -4.681459791774395853e+03
1.505057244379306212e+04 -4.843450698503758758e+03
1.507719709786702879e+04 -4.970439924334175885e+03
1.496844678071816452e+04 -5.090432536073029041e+03
1.471082186503382400e+04 -5.059940358072519302e+03
1.423944652641483117e+04 -5.186440486722625792e+03
1.398807115372177213e+04 -5.326935260548721999e+03
1.389282080685184337e+04 -5.457927527166437358e+03
1.372857076231332030e+04 -5.472430168777238578e+03
1.359157096063566860e+04 -5.398938685133121908e+03
1.329744657557702158e+04 -5.169961789974011481e+03
1.320007185864727944e+04 -5.064471422727219760e+03
1.306919756345020141e+04 -4.799992964097764343e+03
1.289957350599311758e+04 -4.445521238021552563e+03
1.275582402604073286e+04 -4.249537468043621629e+03
1.272382429404719733e+04 -4.148045078316703439e+03
1.264094914105604403e+04 -3.907060965163167566e+03
1.245869450609898195e+04 -3.733063761032652110e+03
1.224569517058180645e+04 -3.847067060058470815e+03
1.217282127919211052e+04 -4.030062421237118542e+03
1.212419536586769391e+04 -4.225550054197665304e+03
1.205019435146544129e+04 -4.376541215794160962e+03
1.195569318764703348e+04 -4.523033136408776045e+03
1.179369131501775701e+04 -4.739021830353885889e+03
1.184781653230648953e+04 -4.838514175346121192e+03
1.172831537338567432e+04 -4.912011669927742332e+03
1.150168857433844823e+04 -4.877518409658689052e+03
1.131731224987481255e+04 -4.777028537830803543e+03
1.125868697028968018e+04 -4.672536401403602213e+03
1.116468642010260373e+04 -4.544046426755841821e+03
1.098643480788159650e+04 -4.600546135898679495e+03
1.082368352656497154e+04 -4.543552771732676774e+03
1.056893109899107367e+04 -4.714046889850404114e+03
1.032180391586641781e+04 -4.797546485398896039e+03
9.948550735320197418e+03 -4.855050264815799892e+03
9.801299550246796571e+03 -5.032543081900104880e+03
9.664173699387232773e+03 -4.951051112450193614e+03
9.253420833052252419e+03 -5.132050138346385211e+03
9.097044782891520299e+03 -5.256546675266232342e+03
8.990794095210148953e+03 -5.328045126935467124e+03
8.877668375030276366e+03 -5.415542871486861259e+03
8.739667526598554105e+03 -5.490541999377775937e+03
8.652292004446266219e+03 -5.547040968435350806e+03
8.577291558842174709e+03 -5.586040626853704453e+03
8.453290815972839482e+03 -5.622041702853050083e+03
8.327290109597030096e+03 -5.696040740685537457e+03
8.167289184246328659e+03 -5.742042229895479977e+03
8.117164020326570608e+03 -5.872036355948075652e+03
7.846412254743627273e+03 -5.728551059412769973e+03
7.718536343406536616e+03 -5.621560033603105694e+03
7.630160668017924763e+03 -5.532567009646911174e+03
7.683910337085137144e+03 -5.076590195060241967e+03
7.532659297202248126e+03 -5.064594376186374575e+03
7.447533273697714321e+03 -4.803110267048701644e+03
7.344282413945416920e+03 -4.730116472796071321e+03
7.175659493496874347e+03 -4.840114682261832058e+03
7.099535517002223060e+03 -4.973609358179848641e+03
7.081285786827793345e+03 -5.031106702463701367e+03
6.967412056902539916e+03 -5.109605125685222447e+03
6.956787255287170410e+03 -5.204600242366082966e+03
6.819663651760085486e+03 -5.258600448397919536e+03
6.732039542136946693e+03 -5.385595513682812452e+03
6.667665161708719097e+03 -5.500590644496493042e+03
6.585415886318427511e+03 -5.613586245024576783e+03
6.423542247025528923e+03 -5.708584502555895597e+03
6.332792846944415942e+03 -5.887076498130336404e+03
6.253043399581103586e+03 -5.952074535903055221e+03
6.117169475406408310e+03 -5.949577505759894848e+03
5.990045400597853586e+03 -5.986078094288241118e+03
5.894171242950949818e+03 -5.943082543224561960e+03
5.773546950258663855e+03 -6.036079727121163160e+03
5.776046715107630007e+03 -6.117574999879579991e+03
5.727796927632298321e+03 -6.169572995071765035e+03
5.676047113766428083e+03 -6.233070383307524025e+03
5.643172176615800709e+03 -6.287067926836665720e+03
5.520298258919618092e+03 -6.219574302989523858e+03
5.441798752646194771e+03 -6.238074804789386690e+03
5.371298883788171224e+03 -6.331070788303855807e+03
5.262050209365901537e+03 -6.193581050080712885e+03
5.216800764269195497e+03 -6.141585031458176672e+03
5.156926464188261889e+03 -6.084589627543929964e+03
5.045552598391892388e+03 -6.023095569300930947e+03
4.959552922104485333e+03 -6.090093362995423377e+03
4.866677969631971791e+03 -6.212587932763155550e+03
4.732927828863961622e+03 -6.317582027611322701e+03
4.659677224971936084e+03 -6.261080359949730337e+03
4.598677074464503676e+03 -6.165582283025141805e+03
4.477300873040221632e+03 -6.121576984690967947e+03
4.280924289189977571e+03 -6.020071156095713377e+03
4.139422141781542450e+03 -6.074557869008276612e+03
3.926045416854787618e+03 -5.988550764790270478e+03
3.794294553660438396e+03 -5.924547726732678711e+03
3.858421628228970803e+03 -5.791562653776258230e+03
3.654421081540873274e+03 -5.644063422757666558e+03
3.533671407548477873e+03 -5.511568602236919105e+03
3.643799186114571057e+03 -5.353588110072072595e+03
3.697177521836943924e+03 -5.086113614195026457e+03
3.410054705832037143e+03 -4.729634243969339877e+03
3.035804558026953600e+03 -4.587135878412984312e+03
2.908804546805331483e+03 -4.544136464464478195e+03
2.711803727982798591e+03 -4.536631492920685560e+03
2.544429855106282048e+03 -4.417639955012593418e+03
2.402555327403009869e+03 -4.354143559574615210e+03
2.411057916036690585e+03 -4.200161478150170296e+03
2.315683577783289365e+03 -4.144166028913110495e+03
2.195683321503689513e+03 -4.012668166625779122e+03
2.056055548716802150e+03 -4.032655093882232904e+03
1.993551932737347670e+03 -3.963641090904362500e+03
1.822793297260999680e+03 -3.881605754351709038e+03
1.797540256124339066e+03 -3.704097115684766322e+03
1.847540896160178818e+03 -3.555603543808218092e+03
1.783909985685022548e+03 -3.269085449791979045e+03
2.008416963490075432e+03 -3.007120953015983105e+03
1.995414664551732130e+03 -2.852114837062079459e+03
2.057166389850084670e+03 -2.767623851971700788e+03
2.124417906486196443e+03 -2.728630917499773204e+03
2.401791405821219087e+03 -2.409129915091209114e+03
2.547540055042016320e+03 -2.167127823472954333e+03
2.666540013678371906e+03 -2.058628602865152061e+03
2.884291130787809379e+03 -1.965132863135542721e+03
3.068666029233136214e+03 -1.756133617088664323e+03
3.170666568827466108e+03 -1.698135496716015041e+03
3.161664909911225550e+03 -1.514131038097664714e+03
3.329290962380589917e+03 -1.419134396118577570e+03
3.439540764785953797e+03 -1.268133947352413088e+03
3.641041997896740213e+03 -1.193637536018621176e+03
3.767666821914142929e+03 -1.077636990141123533e+03
3.935542914949008264e+03 -1.007640135679859668e+03
4.014041229865513742e+03 -8.116351198353804648e+02
4.049165692740119994e+03 -7.381335457586683333e+02
4.156542149619199336e+03 -7.391377784903161228e+02
4.228792482944088988e+03 -6.896387087814509869e+02
4.113788525257841684e+03 -5.091271013356745243e+02
4.124412316024769098e+03 -4.061235203663818538e+02
4.187037486521177925e+03 -3.486239648517221212e+02
4.340788742524688132e+03 -2.671275368384085596e+02
4.519666737770661712e+03 -2.936362592396326363e+02
4.643667724326718599e+03 -2.176390449358150363e+02
4.858418986430740915e+03 -2.196405156897380948e+02
4.959918885317281820e+03 -1.686390003827400506e+02
5.093793540943879634e+03 -7.713639190746471286e+01
5.262419123894884251e+03 -5.563613438187167048e+01
5.468920175517559983e+03 -6.263680991809815168e+01
5.630795466464362107e+03 -1.013579130405560136e+01
5.778420575181604363e+03 5.986557587375864387e+01
5.968295815515914001e+03 1.458669850439764559e+02
5.989419252234045416e+03 3.503716562567278743e+02
6.107670307607273571e+03 3.033699596575461328e+02
6.247421819065464661e+03 2.063671988276764750e+02
6.454672730646911077e+03 2.348668593033216894e+02
6.610172952895634808e+03 3.288678697873838246e+02
6.713797970952931792e+03 4.168688453449867666e+02
6.909924108093255199e+03 4.188677167743444443e+02
7.012799437674926594e+03 4.663678067484870553e+02
7.142050563096650876e+03 4.003660958209075034e+02
7.325550202232319862e+03 5.368680185726843774e+02
7.471673776919837110e+03 6.133713249447755516e+02
7.637422142434283160e+03 7.068751424360089004e+02
7.668670832137227990e+03 9.188783320086076856e+02
7.860294009817531332e+03 1.015882563984021544e+03
7.991418444859795272e+03 9.478837596373632550e+02
8.112291325023048557e+03 1.202888845152221620e+03
8.262415169690037146e+03 1.226891475876327604e+03
8.288789873452857137e+03 1.251392193111125380e+03
8.408538302131462842e+03 1.400895891326479614e+03
8.533787289309431799e+03 1.433398231572005898e+03
8.788284622075967491e+03 1.577904141997918487e+03
8.900783516984665766e+03 1.611906445847358555e+03
9.007531460836878978e+03 1.740410220380406827e+03
9.132779888437944464e+03 1.818913219496142119e+03
9.225652701883227564e+03 1.983416977950837463e+03
9.386900896795908920e+03 2.081920298063661903e+03
9.448899612063891254e+03 2.185422407789621502e+03
9.613773674964206293e+03 2.199924318340606987e+03
9.670021709938533604e+03 2.396927231063134968e+03
9.750896114210598171e+03 2.426928290186915547e+03
9.830895439681597054e+03 2.468429428286850452e+03
9.928768856851151213e+03 2.556430981472134590e+03
1.001139273279265035e+04 2.596431894229725003e+03
1.018439056889887433e+04 2.663933622914366424e+03
1.037026338217570446e+04 2.724935325796250254e+03
1.058313565766252577e+04 2.843437694320920855e+03
1.071075899228767958e+04 2.931939229357521981e+03
1.092375675737974234e+04 2.998941021318081766e+03
1.100750556315376889e+04 3.093942302369046956e+03
1.093250504534621723e+04 3.315443838426377624e+03
1.104287891133851372e+04 3.371944883333519101e+03
1.122637731399002951e+04 3.414446147593203932e+03
1.117112693220761139e+04 3.591947367354761809e+03
1.124262634057260584e+04 3.612947868665214628e+03
1.146187500247068238e+04 3.556448439310770482e+03
1.159437412812258117e+04 3.532948886160738766e+03
1.169912296588416211e+04 3.664950385598931462e+03
1.166249772711622063e+04 3.821451419940683991e+03
1.181999646880233195e+04 3.908452747685834765e+03
1.195149564880260732e+04 3.906453289603814483e+03
1.214024431667581666e+04 3.988454654430504888e+03
1.223336851547576953e+04 4.135956033501774073e+03
1.236849263384426013e+04 4.229457170439884067e+03
1.247199207204207778e+04 4.273958262824453413e+03
1.255686668311548419e+04 4.287459478612989187e+03
1.263411633855348919e+04 4.302960603755433112e+03
1.274436584311956540e+04 4.364462468997109681e+03
1.289036446972796693e+04 4.457964021105319262e+03
1.303761342551966663e+04 4.506965654134284705e+03
1.311336315345496405e+04 4.501966656936798245e+03
1.321073710322298575e+04 4.574967427848372608e+03
1.329936122167564463e+04 4.632968129494693130e+03
1.337573480551503599e+04 4.754968168772291392e+03
1.356123409226699732e+04 4.746970408646855503e+03
1.369423323587176856e+04 4.779471683891024441e+03
1.378823208927758969e+04 4.861972010695375502e+03
1.392798115484381560e+04 4.898973212854471058e+03
1.400498051700415090e+04 4.932973711617756635e+03
1.409797947891114745e+04 5.002973977692890912e+03
1.416422892891906668e+04 5.030974369326606393e+03
1.422722832089848816e+04 5.067474614887963980e+03
1.433660290912131313e+04 5.060475834692828357e+03
1.445597736902907491e+04 5.063977025364059955e+03
1.452535181165579706e+04 5.091477399044670165e+03
1.469772579185804352e+04 5.120478774254675955e+03
1.477785010150994640e+04 5.155979092215187848e+03
1.488922440052719321e+04 5.178979872921947390e+03
1.494584963537694421e+04 5.128981164328753948e+03
