-2.779050167925167480e+05 1.824358601548890583e+05
-2.777213956267464673e+05 1.824926389698279090e+05
-2.776078364501711912e+05 1.825649472889509052e+05
-2.774844044899779838e+05 1.827186281285132281e+05
-2.773877152543099946e+05 1.826042244547819719e+05
-2.775150824338827515e+05 1.823611749802478589e+05
-2.776866396429336164e+05 1.822334798482502811e+05
-2.776598833389235078e+05 1.819568424091124907e+05
-2.775035070502526360e+05 1.818179181965645403e+05
-2.771835726293834741e+05 1.817727428679740988e+05
-2.767920173573684297e+05 1.818628266017665155e+05
-2.766330803920442122e+05 1.817982980691655539e+05
-2.763881446012235829e+05 1.817362023877957836e+05
-2.761458949531079270e+05 1.815862147486852482e+05
-2.758968336203972576e+05 1.814651807210482657e+05
-2.756235836335787899e+05 1.812762221361133270e+05
-2.752884004997660522e+05 1.812310128588103689e+05
-2.748591578840481234e+05 1.812516351679246873e+05
-2.746351027009228128e+05 1.814167218048470095e+05
-2.745334829587632557e+05 1.815784125481485389e+05
-2.743329237711545429e+05 1.815842410570639186e+05
-2.741970504336932208e+05 1.815631599815674126e+05
-2.741013026128564379e+05 1.815930400914107449e+05
-2.740851125375120901e+05 1.814662049235501327e+05
-2.740009265994661837e+05 1.814766218040972017e+05
-2.738601784104292165e+05 1.814575340816378593e+05
-2.738719888921687379e+05 1.813746600843686610e+05
-2.737392393081104965e+05 1.812906655436572619e+05
-2.734458658354183426e+05 1.811131543072089553e+05
-2.732541787701949361e+05 1.809701850335020572e+05
-2.731306783882728196e+05 1.808457503148587421e+05
-2.728453661225091200e+05 1.806108274542316794e+05
-2.726025540792394895e+05 1.804188820642125793e+05
-2.725280512576815090e+05 1.802225921827703714e+05
-2.722973025943964021e+05 1.800800881768208928e+05
-2.721296749946676427e+05 1.798068243483654223e+05
-2.723112919280832284e+05 1.795877911104252562e+05
-2.724202237509922124e+05 1.794016349064889364e+05
-2.722504738979800604e+05 1.792382020830507390e+05
-2.719461064690627973e+05 1.793258165264534764e+05
-2.716086112575454172e+05 1.792331416801349260e+05
-2.713962993403308792e+05 1.790442060073036700e+05
-2.711628612050076481e+05 1.787568778696269728e+05
-2.707870547275078716e+05 1.786381737198303454e+05
-2.706624296601387323e+05 1.784862561685186811e+05
-2.702779943112969631e+05 1.781383495030053891e+05
-2.701883045398579561e+05 1.779025775313433260e+05
-2.701084888890131842e+05 1.776283663634164259e+05
-2.701295481010148651e+05 1.774720951453545131e+05
-2.702341056520090206e+05 1.773268897132258862e+05
-2.703370991766534862e+05 1.770962966634975746e+05
-2.703856574485453893e+05 1.769225752305928618e+05
-2.701663484526870307e+05 1.768404726162259467e+05
-2.700480972757082782e+05 1.765896737386123277e+05
-2.698969090318682720e+05 1.763153727311203256e+05
-2.698401566418732982e+05 1.760741212537912652e+05
-2.699272139855967835e+05 1.758694622676400468e+05
-2.696507768569689360e+05 1.754701979902018793e+05
-2.694628407967612729e+05 1.752742634823070839e+05
-2.695564576346458634e+05 1.748793499879450537e+05
-2.695589529043206712e+05 1.745702409856398590e+05
-2.694597629462117329e+05 1.742490494662383571e+05
-2.691894545956501388e+05 1.740899898661063053e+05
-2.689244602016299614e+05 1.740258115950836800e+05
-2.686625312321441597e+05 1.741878607004676014e+05
-2.684979729892330943e+05 1.741896846245266497e+05
-2.684003473982717260e+05 1.739488735891394317e+05
-2.682942848051770125e+05 1.737030504392753355e+05
-2.683016590684325201e+05 1.736571122477292083e+05
-2.682392837230764562e+05 1.734867464942950755e+05
-2.682460924191361992e+05 1.731731223656884395e+05
-2.683550251071474631e+05 1.730069332476118580e+05
-2.683468980475818389e+05 1.728106554251718335e+05
-2.682642740386678488e+05 1.727076887711300515e+05
-2.684180814453210915e+05 1.726224523104997352e+05
-2.683849553929255926e+05 1.724561127170496620e+05
-2.683866404549544677e+05 1.722508558927648701e+05
-2.682496434544398217e+05 1.721917796544306912e+05
-2.681987680190902320e+05 1.720344105166634545e+05
-2.682045788065157249e+05 1.718985763447433710e+05
-2.682250140175921260e+05 1.717497730044941418e+05
-2.682843861471352284e+05 1.716419629571428522e+05
-2.682976336949050892e+05 1.714601907771835104e+05
-2.682588212463117088e+05 1.713742504116315395e+05
-2.684978144920018967e+05 1.713570255166208372e+05
-2.684433768012337387e+05 1.711761676711686887e+05
-2.684138140266504488e+05 1.710492740433630534e+05
-2.684706867445136886e+05 1.709649264360442758e+05
-2.685406829072866240e+05 1.707462389506651089e+05
-2.686059286883571185e+05 1.704706084644128568e+05
-2.685029297109465697e+05 1.702537340237754397e+05
-2.684193051718761562e+05 1.700363806572505273e+05
-2.685997352111233631e+05 1.697598747923108749e+05
-2.686012341188620194e+05 1.696410056701232679e+05
-2.686132322491594241e+05 1.694632119384445250e+05
-2.687068533339098794e+05 1.693124720535431989e+05
-2.688650977717189817e+05 1.691582903459528461e+05
-2.691332136122026714e+05 1.689352878612754866e+05
-2.691872730959654436e+05 1.687590309183308855e+05
-2.692155860336326878e+05 1.688929122659456916e+05
-2.694323912136539002e+05 1.687267989622908644e+05
-2.695575727515369072e+05 1.683682889997879975e+05
-2.696119445372374030e+05 1.680506543092541397e+05
-2.694624475684338249e+05 1.678542061927332543e+05
-2.695486945210049162e+05 1.677289119031811133e+05
-2.697973738717182423e+05 1.674898842893349938e+05
-2.697732488157386542e+05 1.673614881623052061e+05
-2.698953700410554302e+05 1.672886761701251380e+05
-2.700273654656120925e+05 1.671274608660866506e+05
-2.701974218794283224e+05 1.668923547872742638e+05
-2.703321041282856604e+05 1.666352368352990597e+05
-2.704550370817313087e+05 1.664500367005029693e+05
-2.706750294297771179e+05 1.662094836228983477e+05
-2.707259008017673623e+05 1.658458912366935983e+05
-2.706531523290695623e+05 1.656599903690177016e+05
-2.707393992029949441e+05 1.652789057187540457e+05
-2.708397081054173177e+05 1.648623658198509365e+05
-2.709687660619372618e+05 1.644113839430618100e+05
-2.711523227120466181e+05 1.641268090590578504e+05
-2.712672565624243580e+05 1.639665583965368569e+05
-2.715094998402411002e+05 1.638733226755475625e+05
-2.716987444594616536e+05 1.637545690314117819e+05
-2.719149881880769390e+05 1.635713914796253666e+05
-2.720899833661796874e+05 1.635410493264971301e+05
-2.723157270193126751e+05 1.634617876819353551e+05
-2.725099712483496405e+05 1.632790918872803450e+05
-2.725781563587375567e+05 1.630633299944424070e+05
-2.726567796888630837e+05 1.628185718379649334e+05
-2.725099720610215445e+05 1.625151846748376265e+05
-2.725808460404974758e+05 1.621684917478798889e+05
-2.726418450604922255e+05 1.618967365005798638e+05
-2.727312187025711173e+05 1.614701159313493408e+05
-2.728310914885631064e+05 1.612483530334359966e+05
-2.729232147141838213e+05 1.609391484504323453e+05
-2.729752766766886925e+05 1.605859462052481249e+05
-2.729184679763971944e+05 1.601132199029889889e+05
-2.729430329237991828e+05 1.597589298571748659e+05
-2.728171649927630206e+05 1.593640482667377219e+05
-2.727574188506500795e+05 1.591191350472229533e+05
-2.726741746158027672e+05 1.587372772576375864e+05
-2.726318671276195673e+05 1.583089751130025834e+05
-2.724366244132135180e+05 1.581184272826742381e+05
-2.723786280060817371e+05 1.579014986027432606e+05
-2.724811905786945135e+05 1.575657575565795414e+05
-2.727207503877589479e+05 1.572970100341103971e+05
-2.729474936797308037e+05 1.573131819423059933e+05
-2.731395506679494865e+05 1.573158293651286513e+05
-2.732249911878665444e+05 1.570154404369220138e+05
-2.729984997979612672e+05 1.568897875755657442e+05
-2.726663222131162765e+05 1.568520418243487366e+05
-2.723540167625980102e+05 1.569472886198656633e+05
-2.723453913254500949e+05 1.569882749395142309e+05
-2.722768914488936425e+05 1.570927044291496277e+05
-2.722098310763831832e+05 1.570786556917703710e+05
-2.720952763767588185e+05 1.568056174977291375e+05
-2.722815863591866801e+05 1.566497858302914537e+05
-2.723834593666043947e+05 1.566018707750826143e+05
-2.724654630447241361e+05 1.562574912365903147e+05
-2.724047837717900984e+05 1.558740123763326555e+05
-2.724306648281888920e+05 1.554810988674592227e+05
-2.722696773868587334e+05 1.549905691526737064e+05
-2.721453155203167698e+05 1.544420186243853532e+05
-2.720991981477295631e+05 1.541039776643798687e+05
-2.721222644757603412e+05 1.538754875735314563e+05
-2.720997073521984275e+05 1.536239654965931550e+05
-2.721568346985112876e+05 1.534304993091248907e+05
-2.723965226475800155e+05 1.531146525229350664e+05
-2.726232091311662225e+05 1.528942978805233724e+05
-2.727790159990037209e+05 1.529944061840684153e+05
-2.729754449259824469e+05 1.531920463329413906e+05
-2.732361872896672576e+05 1.532632257721819915e+05
-2.735431831091557397e+05 1.531119261398646049e+05
-2.738456771721057012e+05 1.530526269934992306e+05
-2.739151127485749894e+05 1.530686589910560288e+05
-2.739696079555398901e+05 1.532366873690960929e+05
-2.741750983836664236e+05 1.534672718464466743e+05
-2.745299775117303943e+05 1.528953728619101457e+05
-2.742176238776343525e+05 1.522227273642527871e+05
-2.739643825802330975e+05 1.520756247103046626e+05
-2.739366987292441772e+05 1.519205982958362438e+05
-2.739985118891680613e+05 1.518020985985547304e+05
-2.739562026969954604e+05 1.516610549115370959e+05
-2.741710753957241541e+05 1.515156085090893321e+05
-2.741211434724234859e+05 1.512495376656302251e+05
-2.737907177984230802e+05 1.509908396698050201e+05
-2.738519685894082650e+05 1.508638540527857840e+05
-2.741373378732794663e+05 1.508184600368146785e+05
-2.745232040227135294e+05 1.508221097724284045e+05
-2.746970171826791484e+05 1.505426234989189543e+05
-2.746420220252186991e+05 1.503245604339083657e+05
-2.748500811256411835e+05 1.502386251016794704e+05
-2.751225118081317632e+05 1.502692370880860835e+05
-2.754364419732383103e+05 1.502733601657450199e+05
-2.758472485769118648e+05 1.500409775076834485e+05
-2.760027494344649604e+05 1.497519854898769408e+05
-2.760677506013005623e+05 1.495784793625893071e+05
-2.762878078058052342e+05 1.495835669769053347e+05
-2.764534945878009312e+05 1.493730943458699621e+05
-2.766485513576385565e+05 1.493681299955267459e+05
-2.770134175152570824e+05 1.492406763057219796e+05
-2.772855992317859200e+05 1.491061947081726976e+05
-2.775986552503204439e+05 1.489497142139947973e+05
-2.775479099473320530e+05 1.487666573308743536e+05
-2.774864754138570279e+05 1.486991278107543476e+05
-2.776360982419406064e+05 1.485771262317099608e+05
-2.777845337826274335e+05 1.484456226833602414e+05
-2.776792885277189780e+05 1.483490767663102597e+05
-2.778339122239495628e+05 1.481740642599458806e+05
-2.779075337159648188e+05 1.482540995943495072e+05
-2.781643406243330683e+05 1.481591291859159246e+05
-2.782820925586271915e+05 1.478725838085478172e+05
-2.783242219930237043e+05 1.475695191188645549e+05
-2.781150441055791453e+05 1.473594214965770952e+05
-2.780661747638649540e+05 1.471213516034302302e+05
-2.782680451057935716e+05 1.470778868180639111e+05
-2.784231680447087274e+05 1.469623942950940691e+05
-2.785937249071097467e+05 1.470174466279530898e+05
-2.786917209453707910e+05 1.470874856001832522e+05
-2.789184018975451472e+05 1.471085421120170504e+05
-2.790947107466291054e+05 1.470520628846334293e+05
-2.792473335660534212e+05 1.469585576973790303e+05
-2.793608314514400554e+05 1.469160602274830453e+05
-2.795502049446911551e+05 1.467460431889300235e+05
-2.797260783589404891e+05 1.466010313299992122e+05
-2.797850811422232073e+05 1.463989901696848683e+05
-2.798743943844310124e+05 1.462704629665464163e+05
-2.798271488135570544e+05 1.461309162997715175e+05
-2.799090867439004360e+05 1.460253954180208966e+05
-2.799914606595981168e+05 1.459848938178238459e+05
-2.801377066525271512e+05 1.460024170682742260e+05
-2.804065753679666086e+05 1.459889466124731116e+05
-2.803767703909488628e+05 1.457083631532844156e+05
-2.807512637742023217e+05 1.456108845248566940e+05
-2.809296984156246181e+05 1.455548925335858949e+05
-2.812314460525633185e+05 1.453663816259941086e+05
-2.812415791533339652e+05 1.450407954130200669e+05
-2.813795198494041106e+05 1.447947492502634414e+05
-2.818179495371824014e+05 1.447517876398651861e+05
-2.820142587654582458e+05 1.447462998501877300e+05
-2.822155691764637595e+05 1.446938005915675312e+05
-2.823836953372813296e+05 1.445467757706129923e+05
-2.824855116149589885e+05 1.443487341618328355e+05
-2.826960154421086190e+05 1.440886867112484761e+05
-2.829305153725616983e+05 1.439576741740037687e+05
-2.830335767422002391e+05 1.439396784203951247e+05
-2.833035715062782401e+05 1.439712082279333845e+05
-2.835887020219090045e+05 1.436376510670394637e+05
-2.836659558688459801e+05 1.434791104496540502e+05
-2.837687072434864240e+05 1.433875925072901882e+05
-2.838480825834653224e+05 1.433400857017305680e+05
-2.839372074168738327e+05 1.433040832889806479e+05
-2.841130770561312092e+05 1.433881242044195533e+05
-2.842492589729686733e+05 1.435041689510373399e+05
-2.844166298994604731e+05 1.435947021972388029e+05
-2.845108132482888177e+05 1.437007365565397777e+05
-2.846475582680912339e+05 1.438277690988057293e+05
-2.848799962927015731e+05 1.437597638772698119e+05
-2.850299321043185773e+05 1.437797739560939372e+05
-2.851184897189722979e+05 1.439103042381177656e+05
-2.853297979339886224e+05 1.439938290544841439e+05
-2.856799161680461839e+05 1.441173661377169192e+05
-2.858285389116320875e+05 1.441498776266667992e+05
-2.860434715907883365e+05 1.442424027316384017e+05
-2.861372825523905340e+05 1.442654102064962499e+05
-2.862351543042848934e+05 1.443369269307809882e+05
-2.863300891386622679e+05 1.443914401476033963e+05
-2.864358342392054037e+05 1.445059647521530278e+05
-2.864768991520889685e+05 1.444274513686676510e+05
-2.866604608355209348e+05 1.444084534071283415e+05
-2.867982658153876546e+05 1.445869899733331986e+05
-2.870235764192712377e+05 1.446665061939139850e+05
-2.871629497772144387e+05 1.447275180855826475e+05
-2.873255105250828783e+05 1.447935308453985490e+05
-2.875045084529765882e+05 1.448690451026451774e+05
-2.876778239431709517e+05 1.448065353780617006e+05
-2.878248249344886863e+05 1.447955344485878013e+05
-2.879019471547968569e+05 1.448780488778743893e+05
-2.880474448866491439e+05 1.449530622408776544e+05
-2.882423815907707904e+05 1.449930697627887130e+05
-2.884423198446352035e+05 1.449925705463192426e+05
-2.885134423181989114e+05 1.450650825839312747e+05
-2.884219972803670098e+05 1.452536129694329575e+05
-2.885841858245158219e+05 1.452401110291504301e+05
-2.888036237730503781e+05 1.452476125410930254e+05
-2.889014402632571291e+05 1.451535978872170672e+05
-2.890271290394673124e+05 1.451315947699379176e+05
-2.891550665574062150e+05 1.451425968266669661e+05
-2.892490048201256432e+05 1.451315953991035931e+05
-2.894085033417166560e+05 1.451956056829844601e+05
-2.895360704385710997e+05 1.451465991045837291e+05
-2.897006995150115690e+05 1.451300977759105153e+05
-2.898188880900405347e+05 1.451641036635814235e+05
-2.898447515822407440e+05 1.454651486539291218e+05
-2.900885685598240234e+05 1.454781517185401171e+05
-2.902138251781022991e+05 1.453781376587180421e+05
-2.903388274825136177e+05 1.453846392434537411e+05
-2.905692705287425779e+05 1.453646375797162764e+05
-2.907161478366437950e+05 1.453826409357395023e+05
-2.910058983656787896e+05 1.455156612181784585e+05
-2.913593488165833405e+05 1.453761434405781329e+05
-2.915501026199095068e+05 1.453796449291124009e+05
-2.920015546929173870e+05 1.452731338460026309e+05
-2.923565800494887517e+05 1.450181088386927731e+05
-2.924675853915836778e+05 1.450006093916632235e+05
-2.925839014395324630e+05 1.450326167618976906e+05
-2.926757140672049136e+05 1.451241315060043707e+05
-2.927722127706406172e+05 1.452566519428086467e+05
-2.928855292729074135e+05 1.452761575621189550e+05
-2.931765364810313913e+05 1.454026823679688387e+05
-2.933943602797120693e+05 1.453496809305590577e+05
-2.935476126314734574e+05 1.454546992140766233e+05
-2.936912444686966483e+05 1.454352003845088184e+05
-2.937609334939306136e+05 1.454717071781270206e+05
-2.939006910883802339e+05 1.454287050389959477e+05
-2.939866950520601240e+05 1.454197060873671435e+05
-2.940761343894849415e+05 1.454702152960677631e+05
-2.941388234524006839e+05 1.454992209185413085e+05
-2.942033252192604123e+05 1.455242260195179842e+05
-2.944508360264606890e+05 1.455162314778985456e+05
-2.945708407920581521e+05 1.455392381925149821e+05
-2.947136007372184540e+05 1.455132404259485193e+05
-2.948668621332313633e+05 1.454637397692622617e+05
-2.950351224635542603e+05 1.454692472727866843e+05
-2.952703813771097921e+05 1.456367804977167398e+05
-2.953862644020243315e+05 1.456162823701077141e+05
-2.956305909248743556e+05 1.456587986101023853e+05
-2.957006573706570780e+05 1.456738037049896084e+05
-2.957749116194816306e+05 1.456873087648837827e+05
-2.959148556041584816e+05 1.457623256407263689e+05
-2.960196745471294853e+05 1.457703312713843770e+05
-2.962259341298646177e+05 1.458868574605514295e+05
-2.964566340852674912e+05 1.459668795562684536e+05
-2.966950831553829485e+05 1.461009105928000063e+05
-2.968677787866570288e+05 1.462124355992376804e+05
-2.970716687230603420e+05 1.461544359152028337e+05
-2.972743725517518469e+05 1.460734298311346211e+05
-2.973688792653415003e+05 1.460744326682304963e+05
-2.974516971882513026e+05 1.460939381302497350e+05
-2.974956972884472925e+05 1.462164591639144346e+05
-2.974948206514292397e+05 1.462794693108671345e+05
-2.974220638947213301e+05 1.463384765245225281e+05
-2.973253038517392124e+05 1.464549920178791508e+05
-2.974901887100990862e+05 1.465405082211415283e+05
-2.976242017892039730e+05 1.464129950489983894e+05
-2.977292103730897070e+05 1.463744921497441828e+05
-2.978102159066382446e+05 1.463899972999878228e+05
-2.978717827221226180e+05 1.463980006237067282e+05
-2.980209172916995594e+05 1.464560151979872026e+05
-2.981458640722710406e+05 1.464505183902736753e+05
-2.982386212081708363e+05 1.464345187160852365e+05
-2.983423131849705824e+05 1.465740391414230689e+05
-2.984510689988801605e+05 1.466650475123049691e+05
-2.985630762081078137e+05 1.467125537935597822e+05
-2.986735225630276254e+05 1.466840561434398405e+05
-2.987226495217267657e+05 1.467580616360241547e+05
-2.989527899656501249e+05 1.468370736068133265e+05
-2.990257285773518961e+05 1.470380864750510082e+05
-2.989950972178963129e+05 1.472245950115690939e+05
-2.992057995467056171e+05 1.472871055488241836e+05
-2.994546942292511230e+05 1.472596127805872820e+05
-2.997289674223929178e+05 1.471201126982616261e+05
-2.997277830448857858e+05 1.469486038562948816e+05
-2.998221657604761422e+05 1.468320921379304491e+05
-2.998830468906182796e+05 1.466910808791425079e+05
-2.997806061663565924e+05 1.465425794071727432e+05
-2.997031036942557548e+05 1.464050609858958051e+05
-2.997577332280172850e+05 1.463075391547824256e+05
-2.998609897961976239e+05 1.462610235729757696e+05
-2.999796856619842583e+05 1.461459938797471114e+05
-3.000615659974853043e+05 1.460959789590542205e+05
-3.001305701762641547e+05 1.460779709629365243e+05
-3.004093366322126240e+05 1.460284430424193852e+05
-3.005321550251388107e+05 1.461149514918285422e+05
-3.007609165483938414e+05 1.462404605364776216e+05
-3.007888535335647757e+05 1.464169926606058143e+05
-3.007834742749058641e+05 1.466975254457709379e+05
-3.008748519658328732e+05 1.468725317129124887e+05
-3.009429805299873697e+05 1.469015296543263830e+05
-3.012864369256579084e+05 1.470000166512615979e+05
-3.014283196570652653e+05 1.470510123358340934e+05
-3.016603327591449488e+05 1.471045033425111324e+05
-3.017973403768244316e+05 1.471469991084178910e+05
-3.018652808991926722e+05 1.472345025303559378e+05
-3.020077245314863976e+05 1.474440124598001130e+05
-3.021482947453823290e+05 1.475165114684472792e+05
-3.023202407261729240e+05 1.476615142306960188e+05
-3.024463090463647968e+05 1.476945061660166830e+05
-3.026303805896461708e+05 1.476944900960857049e+05
-3.027039445392494672e+05 1.479130041939876974e+05
-3.028724535471666604e+05 1.478444833714687265e+05
-3.029345799003458233e+05 1.480229953740108758e+05
-3.030158956648294698e+05 1.481044966374039650e+05
-3.031181504183075158e+05 1.481439922022479586e+05
-3.032289680069836904e+05 1.481909879158427939e+05
-3.032850319328229525e+05 1.483439989564870484e+05
-3.034319768759964500e+05 1.483384868128686212e+05
-3.035208559679155005e+05 1.483804842274081893e+05
-3.036664868993099080e+05 1.485479907128117047e+05
-3.038152419249052182e+05 1.488590132690193132e+05
-3.038829305452068802e+05 1.491560410125586204e+05
-3.040071228254787857e+05 1.493655519381812774e+05
-3.041514412655769847e+05 1.495615515646873973e+05
-3.044287669853640837e+05 1.497285422656019218e+05
-3.046353379000736168e+05 1.500605465940455906e+05
-3.046930895356792025e+05 1.502600535812960006e+05
-3.049992909028701251e+05 1.503690393551313318e+05
-3.051018558872832800e+05 1.506400468656593002e+05
-3.051126674642101279e+05 1.508435576250939630e+05
-3.050850389011240331e+05 1.511950794221283868e+05
-3.053426107958805514e+05 1.514390771274506114e+05
-3.056405608957848162e+05 1.514670603300579824e+05
-3.060455150560453767e+05 1.515910437798728235e+05
-3.062842124629571917e+05 1.516585342130973004e+05
-3.063657765642373124e+05 1.519995543495574966e+05
-3.065674716311927186e+05 1.521705517063308507e+05
-3.066636624892784748e+05 1.522760491516734473e+05
-3.067467904858321417e+05 1.523565467915139161e+05
-3.067702273660235223e+05 1.525600506825605407e+05
-3.069588591257880908e+05 1.527625464410362765e+05
-3.072452456651272369e+05 1.529185366319203749e+05
-3.073492499700798653e+05 1.529640328872567043e+05
-3.079019540119002922e+05 1.531455187707780860e+05
-3.083994056725036353e+05 1.532785084076230414e+05
-3.092328677144598914e+05 1.533844889470734634e+05
-3.093722466300301021e+05 1.534294876899295487e+05
-3.096456919988969457e+05 1.534924841263215058e+05
-3.099472008675952093e+05 1.535364790359032340e+05
-3.103402693870753283e+05 1.535689736684658565e+05
-3.108169006825631368e+05 1.535874665937568061e+05
-3.112499043699419708e+05 1.538039826198811643e+05
-3.114744675254207104e+05 1.540185051094614901e+05
-3.117542806765312562e+05 1.542730355141810142e+05
-3.121863463046273100e+05 1.544395593482097611e+05
-3.125467240754704108e+05 1.545460776405055076e+05
-3.130428503468884155e+05 1.546855761237028055e+05
-3.135361014900673181e+05 1.547975722176763229e+05
-3.137236015387054067e+05 1.548585751961697824e+05
-3.141696630018633441e+05 1.550275785707398318e+05
-3.146054749162351945e+05 1.551570785683305003e+05
-3.152242253782160697e+05 1.552860646689273417e+05
-3.157087264832977089e+05 1.554449981476273388e+05
-3.161786021947652334e+05 1.556034384655738249e+05
-3.166909706836038386e+05 1.560519297652128153e+05
-3.169927726909126504e+05 1.565584782126527280e+05
-3.172450707646324299e+05 1.571800656335097738e+05
-3.175057418491290882e+05 1.578676593390223570e+05
-3.178365406705970527e+05 1.585496775911562145e+05
-3.181867909245117335e+05 1.588560607084804215e+05
-3.184863549907632405e+05 1.590644546821461990e+05
-3.187624168222754379e+05 1.593363701044516638e+05
-3.189824774871893460e+05 1.596003110135677271e+05
-3.191532814804865629e+05 1.600733072801809758e+05
-3.192846484475302277e+05 1.605308075718786567e+05
-3.193055188050738070e+05 1.608778007417721674e+05
-3.193343249034941546e+05 1.613512916896212846e+05
-3.192449413520614034e+05 1.618223324317624792e+05
-3.191646225786791765e+05 1.621668676362414844e+05
-3.191221797150904313e+05 1.625003865491268225e+05
-3.190323598899359931e+05 1.629364244649261236e+05
-3.189006648131758557e+05 1.633199610248873942e+05
-3.189897212510706158e+05 1.636818679034048691e+05
-3.189236516304388060e+05 1.639878483811365440e+05
-3.188250177234001458e+05 1.643423385539539158e+05
-3.188492623207913130e+05 1.646262845085710287e+05
-3.189249439097989816e+05 1.649941915008458309e+05
-3.185884883939794381e+05 1.654907888598004356e+05
-3.181055324927182519e+05 1.657730081750466488e+05
-3.174211979684443213e+05 1.663531172951869667e+05
-3.170109374540566932e+05 1.668645210114317015e+05
-3.164893615763607668e+05 1.673214919915855862e+05
-3.159947841788941878e+05 1.677470069600502029e+05
-3.154752014445141540e+05 1.682885562939052470e+05
-3.149752443165146396e+05 1.686891362608964555e+05
-3.147327275615037652e+05 1.694300574949635193e+05
-3.144476488471513148e+05 1.700190327866338193e+05
-3.141292489342921181e+05 1.710355094789881259e+05
-3.138534826007604715e+05 1.715800198221490718e+05
-3.135917823590851622e+05 1.723812533946898766e+05
-3.133040155883166008e+05 1.735358749734773301e+05
-3.127478031895736931e+05 1.742158672870527953e+05
-3.122626625379402540e+05 1.746935315147112124e+05
-3.117022683394412743e+05 1.749862374167791568e+05
-3.109604300706994254e+05 1.753424044200461358e+05
-3.108848660569616477e+05 1.755901749938796274e+05
-3.107416106703239493e+05 1.755886810932480730e+05
-3.104652248711004504e+05 1.755092624195078388e+05
-3.098886424585378263e+05 1.758619671259969473e+05
-3.097350120832776302e+05 1.759973311279132031e+05
-3.095131283594070701e+05 1.759968070069830865e+05
-3.091928660385432886e+05 1.760372362793828361e+05
-3.089781077954731300e+05 1.760636895878589712e+05
-3.086438450780988787e+05 1.761131099997512065e+05
-3.084323377060423372e+05 1.762269884252981283e+05
-3.081623281827944447e+05 1.763393623592639342e+05
-3.078950060081517440e+05 1.764122711118278094e+05
-3.077636888762447634e+05 1.764557198796938173e+05
-3.074490507166422321e+05 1.763472792251808569e+05
-3.072772954515904421e+05 1.764376770173311234e+05
-3.071844819529636879e+05 1.766000144639401697e+05
-3.069168481317638070e+05 1.764750505910436623e+05
-3.067529084107966046e+05 1.767178019722900353e+05
-3.065809673060372588e+05 1.768431512875929475e+05
-3.063232730386252515e+05 1.768995370839256793e+05
-3.057961994881134015e+05 1.771476394376065582e+05
-3.054424460154596600e+05 1.774946484677093104e+05
-3.048655613676045323e+05 1.778505991429658607e+05
-3.043395513948575826e+05 1.779912821871764027e+05
-3.039488604124910780e+05 1.782763371243225411e+05
-3.036777963557298062e+05 1.785224759841035120e+05
-3.033937329831341049e+05 1.788235514365392737e+05
-3.031626710741634015e+05 1.791386297497162595e+05
-3.028581683222710271e+05 1.793677840556399897e+05
-3.024944147910974571e+05 1.796293873272095807e+05
-3.023111595373935415e+05 1.795733956243065186e+05
-3.021325333413453191e+05 1.797276725717983209e+05
-3.017674674499516841e+05 1.798648617036733776e+05
-3.015069052372712758e+05 1.800724940202846192e+05
-3.014105290637824219e+05 1.800974275274905376e+05
-3.010550268261107849e+05 1.802745698371217586e+05
-3.008277132744183764e+05 1.804038209473965690e+05
-3.004736472901052330e+05 1.805315320706795901e+05
-3.002763374268120388e+05 1.807881275794990361e+05
-2.997462705960562453e+05 1.810166512782615609e+05
-2.995082096685152501e+05 1.812532607476152480e+05
-2.993192106072775787e+05 1.814049919086992741e+05
-2.990390871728014317e+05 1.816380836360813119e+05
-2.986998378221456660e+05 1.818686579157109372e+05
-2.985404658152151387e+05 1.820858171847332269e+05
-2.983799684936723206e+05 1.822909921913109720e+05
-2.979794083978190320e+05 1.826064130587917753e+05
-2.976347176322133164e+05 1.826706927040768787e+05
-2.971965230163292144e+05 1.826515616740710102e+05
-2.968980171799373347e+05 1.825925357951782644e+05
-2.964631306628961465e+05 1.823466956054195762e+05
-2.960118186053880490e+05 1.825552281527481973e+05
-2.955883877732740948e+05 1.829499803448505700e+05
-2.951666898721840698e+05 1.827560909388409927e+05
-2.949080628147488460e+05 1.827864416643469594e+05
-2.944269291073419154e+05 1.826749072990752757e+05
-2.941278579659064999e+05 1.824580873074536212e+05
-2.940061603785744519e+05 1.820979919269802049e+05
-2.938317142520777415e+05 1.818122782013094984e+05
-2.935543311733853188e+05 1.815804498641132377e+05
-2.934098301442670636e+05 1.815848796860831790e+05
-2.932535806586241233e+05 1.816527233432065696e+05
-2.930162724749628687e+05 1.818958072383268736e+05
-2.928452738336435286e+05 1.820020952298985794e+05
-2.928620215591866872e+05 1.819077231052578427e+05
-2.924498264400736080e+05 1.817372564232200384e+05
-2.920063827765373280e+05 1.816346892367280088e+05
-2.919203826402798295e+05 1.816561234574783593e+05
-2.918783814769637538e+05 1.816241455269381404e+05
-2.917991928942251252e+05 1.816006388618261553e+05
-2.916551938341744826e+05 1.816604930892987177e+05
-2.916758197085593129e+05 1.816909640902425162e+05
-2.916147577196017373e+05 1.817203970732623711e+05
-2.915550072781924391e+05 1.817123785184998997e+05
-2.915211303694132366e+05 1.816434502590033226e+05
-2.914323159766616882e+05 1.815844828400551341e+05
-2.913571915659788065e+05 1.816189026660784148e+05
-2.913806841273013270e+05 1.813267874191734008e+05
-2.912803017173969420e+05 1.810555860208645463e+05
-2.911024149216805235e+05 1.806270490927034989e+05
-2.909187851835327456e+05 1.804751559215481393e+05
-2.906375310078933253e+05 1.803601691688527353e+05
-2.903960924325258820e+05 1.803600543199661188e+05
-2.899272785948339151e+05 1.803872960512386635e+05
-2.893441016645738855e+05 1.808903707982795313e+05
-2.892543003997964552e+05 1.813332574407821521e+05
-2.892852446117093787e+05 1.815849485534708947e+05
-2.893963116644364782e+05 1.817408014814532362e+05
-2.893900680112681002e+05 1.819844849186963402e+05
-2.893892624699316802e+05 1.822501426889048889e+05
-2.893055810962604010e+05 1.824917836195696145e+05
-2.891132711049358477e+05 1.825875470384634100e+05
-2.889729592158357846e+05 1.826104403198151849e+05
-2.887175890327000525e+05 1.827815603376114741e+05
-2.886826537105546449e+05 1.828574330880166963e+05
-2.885368419465600164e+05 1.828853162271217443e+05
-2.883957197973836446e+05 1.829860971870436333e+05
-2.883605361908722552e+05 1.831223830210207961e+05
-2.883036007137679844e+05 1.831932512593627907e+05
-2.881808526300667436e+05 1.832620876607219689e+05
-2.880771037662356393e+05 1.833029741790210828e+05
-2.879212892959837918e+05 1.832374860120094381e+05
-2.876793505079686292e+05 1.831974158881488256e+05
-2.874567265973096946e+05 1.832397376374127343e+05
-2.873323520688155550e+05 1.832581455467394553e+05
-2.871895409515422070e+05 1.833094963689213619e+05
-2.870379140221800772e+05 1.832450090728644282e+05
-2.868851615946990205e+05 1.831635456118206494e+05
-2.866335915176895214e+05 1.828982923687002622e+05
-2.864843412079081754e+05 1.828717449475778267e+05
-2.862015909557740670e+05 1.828331383671211079e+05
-2.858726467039593263e+05 1.825608421949339099e+05
-2.855041506556498935e+05 1.826599882425460964e+05
-2.851147809991093818e+05 1.828070528582073748e+05
-2.848365961802876554e+05 1.828727983800517395e+05
-2.844802821882719873e+05 1.827837228836906143e+05
-2.843005316213594633e+05 1.827451756282811984e+05
-2.839399680108088069e+05 1.826466032483684830e+05
-2.834947177776905010e+05 1.825344875605525449e+05
-2.832967178511130624e+05 1.824899285780424252e+05
-2.831951592690660036e+05 1.826061963899829425e+05
-2.829800971391443163e+05 1.825691158762350678e+05
-2.827953432136386982e+05 1.823827674360768870e+05
-2.826060869810748845e+05 1.820915397841525264e+05
-2.824041471688083839e+05 1.819486063204389066e+05
-2.822737103964809794e+05 1.819435323904687539e+05
-2.820850216186089092e+05 1.818445487199402414e+05
-2.818746535600931384e+05 1.820626248925616965e+05
-2.818762851692847325e+05 1.823232747951592319e+05
-2.818556641185007174e+05 1.824685601312839426e+05
-2.818187923041338800e+05 1.825748821239988320e+05
-2.817807943886980065e+05 1.826422601725673303e+05
-2.817199810249042930e+05 1.825962891857791692e+05
-2.816759821830389556e+05 1.826287144266492687e+05
-2.816393578927966300e+05 1.826456668144292198e+05
-2.814329818358309567e+05 1.825466767736021429e+05
-2.813118563957153820e+05 1.824871808295664378e+05
-2.812381069734176272e+05 1.824811392433275469e+05
-2.811173588752051000e+05 1.825065196676352061e+05
-2.809061757330122055e+05 1.825892544096461497e+05
-2.808365522982632392e+05 1.826216594385802746e+05
-2.807578657894531498e+05 1.826300932948873378e+05
-2.806763669116449892e+05 1.826410215557664633e+05
-2.804618067770061898e+05 1.826508604168873280e+05
-2.800848136937054223e+05 1.827699280669498257e+05
-2.797410727580171078e+05 1.829828804220338352e+05
-2.797278280414912151e+05 1.831750893798936158e+05
-2.796158342806723085e+05 1.833677298403042369e+05
-2.794743365197975072e+05 1.834015829194467515e+05
-2.792380856484631076e+05 1.832855909440703690e+05
-2.790996503235874698e+05 1.833174490448315628e+05
-2.789528379507907666e+05 1.832699180950527079e+05
-2.788969545429690625e+05 1.829268807759182528e+05
-2.786963255180093693e+05 1.826780961973047815e+05
-2.785049524062826531e+05 1.826574831159482710e+05
-2.783775169622722897e+05 1.826738634875877760e+05
-2.783072077897506533e+05 1.827661748860706575e+05
-2.782837671869978076e+05 1.826368477254379541e+05
-2.782522650365186855e+05 1.825389682662682608e+05
-2.779398284574607969e+05 1.824209082506871782e+05
