-2.878541378354129847e+04 4.061418387347972021e+04
-2.851041095933248289e+04 4.055821617123112082e+04
-2.807053250166296493e+04 4.042476827486557886e+04
-2.761277937713684514e+04 4.028332305741542950e+04
-2.719165383328427561e+04 4.006387463063420728e+04
-2.680440164143219590e+04 3.997192075058864430e+04
-2.645377148835232947e+04 4.002396111505199224e+04
-2.597851708084915299e+04 3.999901690739253536e+04
-2.551851283052377403e+04 3.998107093840651214e+04
-2.524050921116559766e+04 4.000010310629103333e+04
-2.489850678075407632e+04 3.997214366428554058e+04
-2.450700279548682738e+04 3.995718945563724265e+04
-2.420386518241593149e+04 3.994821951025119051e+04
-2.389497789490094874e+04 3.992825043101189658e+04
-2.359245863699819893e+04 4.005377699772408232e+04
-2.326757586846605409e+04 3.993231220459612086e+04
-2.293568830173951574e+04 3.990284577799169347e+04
-2.255254082976852078e+04 3.979038550181267783e+04
-2.200238307472551242e+04 3.968394175018742681e+04
-2.166611750225175638e+04 3.965397469599964097e+04
-2.134647960008913651e+04 3.964300545815983787e+04
-2.111471723369031679e+04 3.959452870123740286e+04
-2.078194853216398042e+04 3.950706279861321673e+04
-2.054856302126543596e+04 3.947808613581489772e+04
-2.034192268467345275e+04 3.936360932265501469e+04
-1.990589928629517090e+04 3.923815581827936694e+04
-1.968001176154974382e+04 3.916068061599880457e+04
-1.941461357481498271e+04 3.892471499938983470e+04
-1.901883033415558748e+04 3.886824944738484919e+04
-1.878579980747424997e+04 3.867477529306476936e+04
-1.850064203361957334e+04 3.848280665192054585e+04
-1.812910001800593454e+04 3.814535459001176059e+04
-1.785482708832342178e+04 3.805888323176512495e+04
-1.758930455947609153e+04 3.791341537783015519e+04
-1.734140551046619657e+04 3.750996357597224414e+04
-1.692023977063980419e+04 3.706652972047682852e+04
-1.668232821784692351e+04 3.684055919097689912e+04
-1.647329708029131871e+04 3.674306738387187943e+04
-1.607185609474137891e+04 3.645209021487971768e+04
-1.565865667985670734e+04 3.598662834693258628e+04
-1.518071990962594282e+04 3.562267382674152032e+04
-1.498805990598374046e+04 3.526770862796297297e+04
-1.440425739205442369e+04 3.487677941899280995e+04
-1.387982684793835506e+04 3.435385129393870011e+04
-1.353602551362209488e+04 3.404787527855252847e+04
-1.297782573099096771e+04 3.352742817881563678e+04
-1.258753099408303387e+04 3.316197429242078215e+04
-1.214298885459394660e+04 3.277353253077203408e+04
-1.202034673060791101e+04 3.248207272131042555e+04
-1.177057583912170958e+04 3.217762301154388115e+04
-1.149168386536533944e+04 3.192967133509926498e+04
-1.127927058659493923e+04 3.163169166443264112e+04
-1.110419451314234175e+04 3.123918298609508201e+04
-1.081258360092365183e+04 3.064417722307518125e+04
-1.048586261261638720e+04 3.012367822473915294e+04
-1.026431219631200656e+04 2.985568094131210819e+04
-1.007440138825157192e+04 2.967168374071083963e+04
-9.871350278460653499e+03 2.932070094118826091e+04
-9.670928903962601908e+03 2.897572290858812630e+04
-9.631619661893812008e+03 2.861672277937969193e+04
-9.621331899139913730e+03 2.838172291126428172e+04
-9.658038579109124839e+03 2.809422437857696787e+04
-9.662229260342312045e+03 2.771822531292680651e+04
-9.713026684986776672e+03 2.721222839760594070e+04
-9.962227571986848488e+03 2.682624010303523391e+04
-1.001832045519642998e+04 2.660974391444679350e+04
-1.015177679505432025e+04 2.630125243969727308e+04
-1.027874634634377435e+04 2.606675383173907176e+04
-1.041696645228308626e+04 2.582375074309576303e+04
-1.052955830392474309e+04 2.556724633154505864e+04
-1.073128652200126089e+04 2.536224975312547758e+04
-1.100187619133200496e+04 2.504825423529837281e+04
-1.114496806854521856e+04 2.478675401289714500e+04
-1.131756688462395687e+04 2.456525645780470222e+04
-1.151764639394637197e+04 2.422722007597796619e+04
-1.166323465703160036e+04 2.395319321771338582e+04
-1.177683283818571363e+04 2.374967295778822154e+04
-1.185755742357939016e+04 2.356065732492785901e+04
-1.193740207056398503e+04 2.331063458634493873e+04
-1.202100689068902284e+04 2.309710673909168690e+04
-1.215411360946006607e+04 2.288607486516237259e+04
-1.235048009993357118e+04 2.274704373016208410e+04
-1.246234458734630607e+04 2.261402257394604385e+04
-1.254020956543297507e+04 2.249550640233652666e+04
-1.260444247024680953e+04 2.231398747672885656e+04
-1.270468493060464971e+04 2.221147144793393090e+04
-1.285093043842830230e+04 2.212295292785763741e+04
-1.301117224482796155e+04 2.199443145168805495e+04
-1.312692222385853529e+04 2.195741977462591603e+04
-1.328841417592356447e+04 2.182889971487317234e+04
-1.346853824761009309e+04 2.176188227282417938e+04
-1.359941790590994060e+04 2.176437231920100749e+04
-1.373592234647658188e+04 2.176286173167871311e+04
-1.386092598048411310e+04 2.175735187166742980e+04
-1.396830448446015362e+04 2.176033921773638576e+04
-1.407543053626839537e+04 2.174032499194191769e+04
-1.422494203915738035e+04 2.180980844254279509e+04
-1.442032578414003365e+04 2.183978440777724609e+04
-1.450356456374842674e+04 2.170677018237626180e+04
-1.465292951566493139e+04 2.156574812965560704e+04
-1.485405894712288864e+04 2.155122319145454094e+04
-1.493067465964739677e+04 2.143771181050129235e+04
-1.514654630484024528e+04 2.134168461926607415e+04
-1.532017804605688434e+04 2.135716424966137856e+04
-1.553880122460622806e+04 2.127463791377795860e+04
-1.563891710133827291e+04 2.115412584636360407e+04
-1.582204529606527649e+04 2.113110488472133875e+04
-1.596466747307998594e+04 2.106008888526726514e+04
-1.614365219587169122e+04 2.085257030171528459e+04
-1.635688381956284866e+04 2.060205022218544036e+04
-1.652550799229682889e+04 2.053403442656109110e+04
-1.664525593741284683e+04 2.046652437412133440e+04
-1.679037180498277303e+04 2.029251557734375820e+04
-1.689137101677304599e+04 2.024650752428965643e+04
-1.695248787414317485e+04 2.011250648291921243e+04
-1.713386634074454196e+04 2.009499056822247803e+04
-1.732086894328671042e+04 2.006297486703097820e+04
-1.745274965047847945e+04 2.009496144229965284e+04
-1.759200815469888039e+04 2.016494530045799911e+04
-1.770101645895687398e+04 2.024393115901900455e+04
-1.795639513571246061e+04 2.020290926318150014e+04
-1.809876773464714643e+04 2.011390115806972608e+04
-1.808388433307001833e+04 1.999590947309695184e+04
-1.800237424161459785e+04 1.987942345256777480e+04
-1.796073609460610896e+04 1.970343702213140205e+04
-1.804485508765606210e+04 1.958093714486202225e+04
-1.821635710234008729e+04 1.953942581525677815e+04
-1.831348148001520894e+04 1.948942121253348887e+04
-1.828946800923475530e+04 1.929843526187399402e+04
-1.847809903689718340e+04 1.930642050903942436e+04
-1.858284502775385045e+04 1.919942006449215114e+04
-1.864836062830837909e+04 1.940790043607261032e+04
-1.874463390471320599e+04 1.972236999960895628e+04
-1.904514593547931872e+04 1.978183992218365893e+04
-1.918615233886055648e+04 1.982632421366730705e+04
-1.932827775249630213e+04 1.977581624678941444e+04
-1.944377136014832649e+04 1.962431982188532129e+04
-1.954876610398816410e+04 1.949232328483136371e+04
-1.972239422852976713e+04 1.946581214927835390e+04
-1.983239178279309999e+04 1.937331261885911226e+04
-1.996864692031207960e+04 1.939629993029683828e+04
-2.011489631984301377e+04 1.931479726471425965e+04
-2.020252953837998211e+04 1.941677978581190109e+04
-2.032691311201883946e+04 1.950925999521045014e+04
-2.046141330954956356e+04 1.944675635611778125e+04
-2.049940857095108368e+04 1.934076548646437004e+04
-2.055741624293394852e+04 1.945274815526558086e+04
-2.070804324941546656e+04 1.941324105494469404e+04
-2.081392552255652845e+04 1.949672268809331581e+04
-2.102030587109504268e+04 1.949270674864528701e+04
-2.120606246720813215e+04 1.952518769451184198e+04
-2.135393844914296642e+04 1.946468392544100061e+04
-2.148756119730696082e+04 1.934219023639895022e+04
-2.161294052546552848e+04 1.936017813406232744e+04
-2.173256718132784590e+04 1.932617426547408104e+04
-2.180456360224948730e+04 1.920418722722260281e+04
-2.193169451500196010e+04 1.925767071377951652e+04
-2.201894377466652077e+04 1.918467615930829197e+04
-2.219420660881698132e+04 1.937563374038413167e+04
-2.224020254669722635e+04 1.924665155757311732e+04
-2.227470213354181033e+04 1.921265483982488513e+04
-2.237920443201018497e+04 1.919715052527887747e+04
-2.240683299638156313e+04 1.926863651371514425e+04
-2.257221482682984788e+04 1.933061420849990100e+04
-2.276321622055454645e+04 1.922661970220645890e+04
-2.294509195934457239e+04 1.909863182999566197e+04
-2.310684922133851796e+04 1.918010561718465760e+04
-2.318860432533745188e+04 1.927058214736357331e+04
-2.326160743331362028e+04 1.930806947907386348e+04
-2.334248239262914285e+04 1.923357905130973086e+04
-2.342348667214217130e+04 1.930555850273743272e+04
-2.354336194347136188e+04 1.919907267116708681e+04
-2.364161545259051491e+04 1.922905956893647090e+04
-2.372611679557361640e+04 1.919056224978389218e+04
-2.383687024866917636e+04 1.920655124003812671e+04
-2.396937464665633161e+04 1.923903482621535659e+04
-2.411513008813804481e+04 1.930800857316656038e+04
-2.417862974303134251e+04 1.921102699227258563e+04
-2.431638305036304519e+04 1.917652688286639750e+04
-2.449763816496822983e+04 1.914402599715674296e+04
-2.464801775237324182e+04 1.913202181269088760e+04
-2.483314781110663898e+04 1.905903264885349199e+04
-2.496090157580573577e+04 1.901453930880641565e+04
-2.516015882099675946e+04 1.910750402889447287e+04
-2.527116207219823264e+04 1.904401742428494617e+04
-2.538616555850196164e+04 1.894304269037116319e+04
-2.552504535696737003e+04 1.898202523529669270e+04
-2.569730142776714638e+04 1.883756394465174526e+04
-2.585330710384249687e+04 1.881456614073133096e+04
-2.592755977991630789e+04 1.881756271413434297e+04
-2.602443844371545129e+04 1.879156821304606274e+04
-2.613669215686945245e+04 1.883355030172411352e+04
-2.608756441219360568e+04 1.896100886048097163e+04
-2.621706875761854462e+04 1.896400251854164526e+04
-2.619594122848997358e+04 1.915693704569526017e+04
-2.622681539428001270e+04 1.933837280152924359e+04
-2.634044303139578551e+04 1.938534932589670643e+04
-2.638881667870120145e+04 1.960576828673388809e+04
-2.655731817326822784e+04 1.977869282359071076e+04
-2.674419234946789220e+04 2.005357459232350811e+04
-2.692731857771368232e+04 2.027447998907603323e+04
-2.702557255438773427e+04 2.041193367619672790e+04
-2.729121908155723941e+04 2.048593649915792048e+04
-2.741911671566369478e+04 2.065443267184961587e+04
-2.767090641314722598e+04 2.093742606509942561e+04
-2.792232562834233977e+04 2.129191049362812191e+04
-2.808749737535195891e+04 2.176337795359455049e+04
-2.820291709557082504e+04 2.225933877448737621e+04
-2.832483796104555950e+04 2.277679533778037876e+04
-2.843574026163341478e+04 2.306527019395399839e+04
-2.856915651553054340e+04 2.342625803675549105e+04
-2.862906933640397619e+04 2.375225618511578068e+04
-2.864521410496521275e+04 2.392975504579115659e+04
-2.880861311739555094e+04 2.408975149585679173e+04
-2.891112055143003818e+04 2.411974949118029326e+04
-2.892163941009202972e+04 2.429474731793766841e+04
-2.896439867135242093e+04 2.436674554032087326e+04
-2.899441179345385171e+04 2.448074339844472706e+04
-2.880553289291169494e+04 2.451274780955957249e+04
-2.870967056980158668e+04 2.466574923883005977e+04
-2.879218980985064991e+04 2.481774560373649001e+04
-2.901044605402834713e+04 2.480223877264466137e+04
-2.904407190444273874e+04 2.479873774870950729e+04
-2.889833594900090247e+04 2.498174045993946493e+04
-2.880958928961399943e+04 2.504224311512941495e+04
-2.874060059465607628e+04 2.517024476645980030e+04
-2.878624229090637527e+04 2.531274181752000004e+04
-2.867724661063181702e+04 2.538574609438376501e+04
-2.876626650087861344e+04 2.554574096301337704e+04
-2.881264902418979909e+04 2.560323825751757249e+04
-2.876591027901589405e+04 2.572173970114625990e+04
-2.882142507178906817e+04 2.584573578174738213e+04
-2.855617559503042139e+04 2.591925002354150638e+04
-2.865044835508719552e+04 2.609474486120697111e+04
-2.880459353376948275e+04 2.623373595150094479e+04
-2.883023289937293157e+04 2.635223445228394121e+04
-2.878787090854928829e+04 2.647323712235363200e+04
-2.861762837687798310e+04 2.657124801171058789e+04
-2.852752061003539711e+04 2.673475431424938142e+04
-2.861791089007852133e+04 2.684824872570857406e+04
-2.860855525311676320e+04 2.701474982769228518e+04
-2.850757182818162255e+04 2.717175733650149778e+04
-2.855171840747771785e+04 2.734775487824389711e+04
-2.851686236499296501e+04 2.751325803920067847e+04
-2.847301629976287950e+04 2.776326239187316969e+04
-2.853002762590651400e+04 2.785225838181097060e+04
-2.858618078244931530e+04 2.808475480947596952e+04
-2.863407634107035119e+04 2.825475147600332275e+04
-2.858071261733793654e+04 2.835525619343155995e+04
-2.870637392238399480e+04 2.865474643786856905e+04
-2.873677833296905737e+04 2.891074263094412163e+04
-2.886241463757713791e+04 2.900473087006434798e+04
-2.892355313999101054e+04 2.912272454902110621e+04
-2.901368951019493397e+04 2.922121571356942877e+04
-2.907658137116115540e+04 2.937120881180465221e+04
-2.921523853096237872e+04 2.966019367416389287e+04
-2.939112486338557210e+04 2.976267657531518489e+04
-2.947752727102930658e+04 3.001566601879149675e+04
-2.964805355354666244e+04 3.025214825611282140e+04
-2.980809565897774883e+04 3.060713149701198563e+04
-3.007076282976719085e+04 3.093960557016357780e+04
-3.029644475410075393e+04 3.142107865097699687e+04
-3.057858386945677921e+04 3.148605287790996954e+04
-3.055922384929354303e+04 3.161455236524529755e+04
-3.070963267263432499e+04 3.186403459655866027e+04
-3.099091931155847851e+04 3.210900455134548247e+04
-3.132443545467313379e+04 3.217247277004458010e+04
-3.135507471535750665e+04 3.228396754525927827e+04
-3.168498617485456634e+04 3.251543163910554722e+04
-3.197626627819717396e+04 3.270189963382110000e+04
-3.208865049418772105e+04 3.275388764588162303e+04
-3.246718054477567784e+04 3.290234581623459235e+04
-3.283084072537661996e+04 3.308630143194878474e+04
-3.309924153622577433e+04 3.322176715794717893e+04
-3.333788005445071030e+04 3.326423916169954464e+04
-3.343061494377907366e+04 3.311073619723925367e+04
-3.358250291844771709e+04 3.317421670988295227e+04
-3.368614453076943755e+04 3.328269986742641777e+04
-3.383514184698183089e+04 3.321618699967442080e+04
-3.380167225618090015e+04 3.348117648837994784e+04
-3.398682512884528842e+04 3.366114518055645749e+04
-3.418370755245059263e+04 3.366612180790258572e+04
-3.434108680869732052e+04 3.365610396186914295e+04
-3.439072015904122964e+04 3.371209458806132898e+04
-3.453324629476934206e+04 3.389156588428467512e+04
-3.459025286285392940e+04 3.393055635014129803e+04
-3.469213895761955064e+04 3.399503947936138138e+04
-3.488902047361817677e+04 3.399951751436386257e+04
-3.505015099195810035e+04 3.403350924027524889e+04
-3.511877790940029081e+04 3.404450595384417102e+04
-3.514403834922285751e+04 3.413249852961208671e+04
-3.533705139810452238e+04 3.422648467848682776e+04
-3.541881379045988433e+04 3.431947523786127567e+04
-3.541359425456717145e+04 3.456045865415548906e+04
-3.553160600314778276e+04 3.465144827088201419e+04
-3.543449420820130035e+04 3.475744422863284126e+04
-3.549963668615696952e+04 3.489643240358447656e+04
-3.561127269046870060e+04 3.498642252535186708e+04
-3.573015495760145131e+04 3.504841441180417314e+04
-3.586679199125024024e+04 3.515240297739906237e+04
-3.591230850653944071e+04 3.529189215122768655e+04
-3.586544734447926749e+04 3.540388605509931222e+04
-3.596858566140430048e+04 3.552287492475984618e+04
-3.599497674534865655e+04 3.566036492989864200e+04
-3.607912159143679310e+04 3.583735069027496502e+04
-3.614950668049696833e+04 3.593234239857178181e+04
-3.628339596248371527e+04 3.607482931469101459e+04
-3.640789953272440471e+04 3.612582261735433713e+04
-3.644104250889201649e+04 3.629031106031313539e+04
-3.626943159516027663e+04 3.638130958808679134e+04
-3.625632673134445213e+04 3.655279864874854684e+04
-3.625834571611275896e+04 3.671728777928790078e+04
-3.627548782062961254e+04 3.686927739215083420e+04
-3.621737758909410331e+04 3.699777543556690216e+04
-3.616851255529164337e+04 3.709527846399042755e+04
-3.622176930520264432e+04 3.719427915341686457e+04
-3.610278024301945698e+04 3.727228357289033011e+04
-3.625053697093960363e+04 3.741278265165165067e+04
-3.622792313964280766e+04 3.753278556548105553e+04
-3.614743660847493447e+04 3.765029005819978192e+04
-3.604370294283528347e+04 3.778479568761866540e+04
-3.611933390213304665e+04 3.789079570209700614e+04
-3.603972487533814274e+04 3.802880089778034016e+04
-3.599248863794968929e+04 3.815630504314415157e+04
-3.596912539858347736e+04 3.827330827570566908e+04
-3.592601694253622554e+04 3.842981308043794706e+04
-3.577040566280973144e+04 3.848481948971655220e+04
-3.571829211224603932e+04 3.857482334934780374e+04
-3.548506519873556681e+04 3.867333379366155714e+04
-3.539658380802255124e+04 3.880684032691828907e+04
-3.526346842573350295e+04 3.882134549029543996e+04
-3.514659488466347102e+04 3.876684817959507927e+04
-3.502023908175097313e+04 3.887535577376047149e+04
-3.496362772136065178e+04 3.896936056982679293e+04
-3.480226906371011864e+04 3.906688194290595129e+04
-3.471564962806156836e+04 3.909689514751732349e+04
-3.464103450064302888e+04 3.916740774156153202e+04
-3.460441819629468955e+04 3.923541481866082177e+04
-3.439342928241379559e+04 3.927944569185934961e+04
-3.428307719773647841e+04 3.944646532603027299e+04
-3.395223797170957550e+04 3.965201575078722090e+04
-3.373637998187146150e+04 3.980054925249284133e+04
-3.342651401934400201e+04 3.995959620847553015e+04
-3.293290627873199992e+04 4.005316454199887812e+04
-3.257316805903450586e+04 4.017971488902391866e+04
-3.217717644013673998e+04 4.025326711278175935e+04
-3.185805177578923758e+04 4.027730726169748232e+04
-3.153867816593591124e+04 4.022984640541160479e+04
-3.107892918685963377e+04 4.022690379334986210e+04
-3.066367919974459801e+04 4.028995620443392545e+04
-3.026367932855244726e+04 4.034450637634610757e+04
-2.973730331580759957e+04 4.051207233472028747e+04
-2.938717467041418422e+04 4.043611330311791971e+04
-2.891316620058193803e+04 4.057316896346304566e+04
