8.628083474235259928e+03 5.146313636340945959e+04
8.996455748812644742e+03 5.146062922981567681e+04
9.178452091714483686e+03 5.148062613874347880e+04
9.290317239266703837e+03 5.158312385603599250e+04
9.391562293698545545e+03 5.162312217433797196e+04
9.479432981488760561e+03 5.165962052968144417e+04
9.636429033972439356e+03 5.167311840858869255e+04
9.689924231082433835e+03 5.172711646332871169e+04
9.913301529593067244e+03 5.163161632556654513e+04
1.020630562720890157e+04 5.147811881282320246e+04
1.040530692806781735e+04 5.133612167292647064e+04
1.047879957262042444e+04 5.148261679797014222e+04
1.047216502914263401e+04 5.163961004248261452e+04
1.059678094294643961e+04 5.174960361955780536e+04
1.068502155208808836e+04 5.188009607848711312e+04
1.082875878786679823e+04 5.205758443524874747e+04
1.098112668843078427e+04 5.214107657282985747e+04
1.094937238113174681e+04 5.222507260660547763e+04
1.098811807503830642e+04 5.229206787514826283e+04
1.099023955494875554e+04 5.235456427384121343e+04
1.107160775083641056e+04 5.245905584298493341e+04
1.127860453801788390e+04 5.247354862838657573e+04
1.149935622963123024e+04 5.239104762769490480e+04
1.179622436482261401e+04 5.243753312868671492e+04
1.200434761002403684e+04 5.237352611844008788e+04
1.212396825852792244e+04 5.240651654849573970e+04
1.220097448277589865e+04 5.223152670908719301e+04
1.230196943544747774e+04 5.228851629167888314e+04
1.239059323648933787e+04 5.226751320590684190e+04
1.258433259171864484e+04 5.240598999620508403e+04
1.260683186453522649e+04 5.240998835481191054e+04
1.264470812594646122e+04 5.236049067007098347e+04
1.261609074555360712e+04 5.219800703416578472e+04
1.265034395485953428e+04 5.210301383136119694e+04
1.265622357721382286e+04 5.199102374832518399e+04
1.261110682753426954e+04 5.182654087541811168e+04
1.268786133447708562e+04 5.167105147255631164e+04
1.274011663922527805e+04 5.150956405096780509e+04
1.285898948269686662e+04 5.147656215823488310e+04
1.305098508783499710e+04 5.143505761342961341e+04
1.295223943545971997e+04 5.131356704845931381e+04
1.300886313556251116e+04 5.127506653274688870e+04
1.312011137569707353e+04 5.112556907108612359e+04
1.335198113296041265e+04 5.095156898381421342e+04
1.357822467765037436e+04 5.090206368293240666e+04
1.385534015893994365e+04 5.099354911431018263e+04
1.420470400736934971e+04 5.103153450194327161e+04
1.452682049607508816e+04 5.090253088317485526e+04
1.471281719778256956e+04 5.066354080342268571e+04
1.491731339048140217e+04 5.040705321679962799e+04
1.512955689101049211e+04 5.040454781414754689e+04
1.545679669619421475e+04 5.041803811537893489e+04
1.563816563063557260e+04 5.047102868545241654e+04
1.570003885205707047e+04 5.045802812516363338e+04
1.579878658156178426e+04 5.037303318449622020e+04
1.584541101942816749e+04 5.027554096428910270e+04
1.597015798470797017e+04 5.017854717819532380e+04
1.602615658427169546e+04 5.014054963550949469e+04
1.608253068266389892e+04 5.004205793143017218e+04
1.615402847526583355e+04 5.003805699564423412e+04
1.612965528558532242e+04 4.991856905262637883e+04
1.608465816317033023e+04 4.974758622653083876e+04
1.617015615379449446e+04 4.966609313362417743e+04
1.617090692065923940e+04 4.957510202056681737e+04
1.621265641286666505e+04 4.947911106483126059e+04
1.628890502341615502e+04 4.935762265392113477e+04
1.638540433732769452e+04 4.907315109596122056e+04
1.655290054794435855e+04 4.888417105952370912e+04
1.675464342875615694e+04 4.896466320687439293e+04
1.692601110076252371e+04 4.919513782558962703e+04
1.706413089406955987e+04 4.933711592513369396e+04
1.732599851497251075e+04 4.931160458396421745e+04
1.733399946337589063e+04 4.915262302661174908e+04
1.738699911127402447e+04 4.899363919980358332e+04
1.744362358068383764e+04 4.884215450233314186e+04
1.745724970309599303e+04 4.859267041890509427e+04
1.754612264426401816e+04 4.848266999499639496e+04
1.760049723639723379e+04 4.823967586376424879e+04
1.773399337823153473e+04 4.820017167145572603e+04
1.772099466427986044e+04 4.801817871350562200e+04
1.793073876275238581e+04 4.790017503327177837e+04
1.802673691150976811e+04 4.764068168661417440e+04
1.808298549743753392e+04 4.755718312531849369e+04
1.813123417352675460e+04 4.751318333271518350e+04
1.835147758389450610e+04 4.741868029397260398e+04
1.859084504727763124e+04 4.739967375262733549e+04
1.886096137195732445e+04 4.743166385257337242e+04
1.898620723293523770e+04 4.749715658728731796e+04
1.916370151336211711e+04 4.753114907839382067e+04
1.919570084499404766e+04 4.739265559413051233e+04
1.914820266651222482e+04 4.726966364929173142e+04
1.916095243266446050e+04 4.719166748058050871e+04
1.914932820136356167e+04 4.703967596354847774e+04
1.927957386655372102e+04 4.709016978567512706e+04
1.916420287084323354e+04 4.698167870396329090e+04
1.910320504404755775e+04 4.690968405432719737e+04
1.925645014710922260e+04 4.685768319792486727e+04
1.936657192922383547e+04 4.667469090996403247e+04
1.917257870262931101e+04 4.652520306464284658e+04
1.910670631482824683e+04 4.637121246447041631e+04
1.913395586707734037e+04 4.618572185148298740e+04
1.922407800922391471e+04 4.611372439387580380e+04
1.915295563851972111e+04 4.601773051477363333e+04
1.915933254102722276e+04 4.576174124686792493e+04
1.928408089105994441e+04 4.546725219409214333e+04
1.930020653092453722e+04 4.532975780904712155e+04
1.940470525462517980e+04 4.507776759212510660e+04
1.971819700221077073e+04 4.491127044226136059e+04
1.982657049532188103e+04 4.476427399820229039e+04
1.992881841857719701e+04 4.469577438795892522e+04
1.991657039455953054e+04 4.450278376092994586e+04
2.006981715163169429e+04 4.441278424634598196e+04
2.010244212231761776e+04 4.431428823414677754e+04
2.014081674091191962e+04 4.423679111499525607e+04
2.023643985242513008e+04 4.416329262370802462e+04
2.029793849818676244e+04 4.412779309832537547e+04
2.027169054540444631e+04 4.396730169872613624e+04
2.040968698030710220e+04 4.395379966556001455e+04
2.037331336812069640e+04 4.390030312216281891e+04
2.030206625425931998e+04 4.378031055210856721e+04
2.047206194386328571e+04 4.374930912726884708e+04
2.079655516859760974e+04 4.350281707174237818e+04
2.106529874156764708e+04 4.338531982641713694e+04
2.107454912174167112e+04 4.330582431650161743e+04
2.105342702415096574e+04 4.300733732823794708e+04
2.105518004439352080e+04 4.261785291859740391e+04
2.116542910837905947e+04 4.235136264632083476e+04
2.147804888475558255e+04 4.192337806715629995e+04
2.207028431378537789e+04 4.170738415572047234e+04
2.237752782548731193e+04 4.147139268144592643e+04
2.256652590217802208e+04 4.107290930121345446e+04
2.273339851240476128e+04 4.081042046477273107e+04
2.281227538396127056e+04 4.032093816301552579e+04
2.290415000783535652e+04 4.009144241074007004e+04
2.293440293526637834e+04 3.967295096662640572e+04
2.328139766380819492e+04 3.923696128479996696e+04
2.355013981355994474e+04 3.932096016501216218e+04
2.361026343815575819e+04 3.929546105582686141e+04
2.364426281456172001e+04 3.926496195010188967e+04
2.389101008774118964e+04 3.884247487842198461e+04
2.400800982212147210e+04 3.852898493870813400e+04
2.405263690778892487e+04 3.816549611063394696e+04
2.476149311048816890e+04 3.817600496193766594e+04
2.428238526207255200e+04 3.769551451468095183e+04
2.482850195730244741e+04 3.715204381298832595e+04
2.534835658296348993e+04 3.763703313009534031e+04
2.534372866183600854e+04 3.793952147726435214e+04
2.530097922417218797e+04 3.801951776768034324e+04
2.498598682756035123e+04 3.820300683574425057e+04
2.553134775542886928e+04 3.798552216087933630e+04
2.589858803297474515e+04 3.785553279037214816e+04
2.613845581527426839e+04 3.787253547887271270e+04
2.631745043700456154e+04 3.788903723301179707e+04
2.680431159384641796e+04 3.782004768949886784e+04
2.717467552774981596e+04 3.783505241035483778e+04
2.751828945901338011e+04 3.796255037960037589e+04
2.765740923624206334e+04 3.811054303797613829e+04
2.799327401333802845e+04 3.814754275080049410e+04
2.832088808645878453e+04 3.832253397496184334e+04
2.856362942335568368e+04 3.854352153615280986e+04
2.874187397059763316e+04 3.856902056840760633e+04
2.908861248138733208e+04 3.876950886309053749e+04
2.956472095501841977e+04 3.918448241938883439e+04
2.980533823482575826e+04 3.930547428098786622e+04
3.019307662491884548e+04 3.934597157191904262e+04
3.053381754009996075e+04 3.912548809924954548e+04
3.092955507072457112e+04 3.919898409028816968e+04
3.116204827451647725e+04 3.914748866869509220e+04
3.140928998141246848e+04 3.930947721697250381e+04
3.173052942148188595e+04 3.950446296520950273e+04
3.202764461967011448e+04 3.971394696092884988e+04
3.232451056233618874e+04 3.975894354482879862e+04
3.234476026559900492e+04 3.967695017147157341e+04
3.271299910384824034e+04 3.971344752671569586e+04
3.308648807886207942e+04 3.991293056772276759e+04
3.344047800208185799e+04 4.000042275638645515e+04
3.377709354604256805e+04 4.003491937448037788e+04
3.408233505123713985e+04 4.004641793945524842e+04
3.431670321045769379e+04 4.018340577419614419e+04
3.436882642516517080e+04 4.031939393273787573e+04
3.435757646180130541e+04 4.040988615009747446e+04
3.442432439808966592e+04 4.050687758980412036e+04
3.451844693750725128e+04 4.045388194230338559e+04
3.470169148128840607e+04 4.061486750636156648e+04
3.483743746193393599e+04 4.078284899593936279e+04
3.505868139473849442e+04 4.078234848469635472e+04
3.531442433048889507e+04 4.095532393175223842e+04
3.541417154386558104e+04 4.112230112928850576e+04
3.553229327428422403e+04 4.124578431521868333e+04
3.547291987803811207e+04 4.140676160922506824e+04
3.550979384760616813e+04 4.154474238872667775e+04
3.561541591363272164e+04 4.157273870744323358e+04
3.580228577897523064e+04 4.158473743747314438e+04
3.603877926464204211e+04 4.170572072129743174e+04
3.636189539108122699e+04 4.185419988952577114e+04
3.662926305818220135e+04 4.202367560441559181e+04
3.699325308987603057e+04 4.217215392640605569e+04
3.706237622357869986e+04 4.235112758451607078e+04
3.735086833465727977e+04 4.230263446107413620e+04
3.760486144278978463e+04 4.254059866971848533e+04
3.769135907114751171e+04 4.258459188474528491e+04
3.795360184469074011e+04 4.254259856063127518e+04
3.816897077098384034e+04 4.260959040575707331e+04
3.836796518654364627e+04 4.259609425779106095e+04
3.852896059773361776e+04 4.247761391483619809e+04
3.872358004036254715e+04 4.235563468595268205e+04
3.873407989077270031e+04 4.264608983813039958e+04
3.896507336870697327e+04 4.265009131243173033e+04
3.917956740042380989e+04 4.277407377871358767e+04
3.927918971678183880e+04 4.301903602847224101e+04
3.931943863689363934e+04 4.313451811213791370e+04
3.940868611525616143e+04 4.307852759029949084e+04
3.966517893316817936e+04 4.317151455540722236e+04
3.968842839586921036e+04 4.330949271926470101e+04
3.971892754005908500e+04 4.334598707421077415e+04
3.977230103277531452e+04 4.328849655725713819e+04
3.987242320646531880e+04 4.327799886090680957e+04
3.995554588427918497e+04 4.326400158625189215e+04
4.002866876134171616e+04 4.320001234700065106e+04
4.025516252318792976e+04 4.332249397192988545e+04
4.035140988900209777e+04 4.343597608775226399e+04
4.044765721635101363e+04 4.347996941817505285e+04
4.040865838192088995e+04 4.354745823573088273e+04
4.048878106950444635e+04 4.353146141635160893e+04
4.053915464892087039e+04 4.358545250886166468e+04
4.057252865553041920e+04 4.355695821761572734e+04
4.067277561084309127e+04 4.343098005314497277e+04
4.073827361531113274e+04 4.334749460853636265e+04
4.077064763799903449e+04 4.330750163691909984e+04
4.077314750163978897e+04 4.323001444183010608e+04
4.082664581444382202e+04 4.309603729068906978e+04
4.095364211848529521e+04 4.315502934137219563e+04
4.097689158118632622e+04 4.333050049781007692e+04
4.104188965139153879e+04 4.330750513726659119e+04
4.113263704793842044e+04 4.338399354086024687e+04
4.119863506360002793e+04 4.334150151337450370e+04
4.124813363304419909e+04 4.336899751317501068e+04
4.145750238654972054e+04 4.324602099294494838e+04
4.156424910272448324e+04 4.310104709589481354e+04
4.178661749335029162e+04 4.296657335697719827e+04
4.212298243550129700e+04 4.279510825221799314e+04
4.227085312022559810e+04 4.281260764389159158e+04
4.238884964590275194e+04 4.283160626137349755e+04
4.252359579648810904e+04 4.297608303213212639e+04
4.274196440528868698e+04 4.300158191052544862e+04
4.294333347974775825e+04 4.298958714242745191e+04
4.311082857486908324e+04 4.311306732806004584e+04
4.327632339442428201e+04 4.313256530282413587e+04
4.344694295367563609e+04 4.306507921630842611e+04
4.356843917305383366e+04 4.308957591825490817e+04
4.376480809711234178e+04 4.319355843684589490e+04
4.404892423516069539e+04 4.326254786496283486e+04
4.414879619169456419e+04 4.334503301792684942e+04
4.424229328438499942e+04 4.336552982265222818e+04
4.437453914821066428e+04 4.337152961078612134e+04
4.452928436178364791e+04 4.345051541623752564e+04
4.468402957535663154e+04 4.349200834450451657e+04
4.494052127777319402e+04 4.328755027097556740e+04
4.497352009327721316e+04 4.317457289758604020e+04
4.512364015522843692e+04 4.301960512344958261e+04
4.520701239628752228e+04 4.292512489466462284e+04
4.528388468415755779e+04 4.270417006749333814e+04
4.533525782437680755e+04 4.255070159609569237e+04
4.544962899002712220e+04 4.238273726206738502e+04
4.567662160910607781e+04 4.226476520035834983e+04
4.583049158191459719e+04 4.228775767599977553e+04
4.596136227071308531e+04 4.230075227415841073e+04
4.609260807368636597e+04 4.239522988729923964e+04
4.626210263660131022e+04 4.246971070690825582e+04
4.633610052363621071e+04 4.263467455065622926e+04
4.647934590287739411e+04 4.267466282950015739e+04
4.662496640260203276e+04 4.278463617379637435e+04
4.668921443678427022e+04 4.284312221269030124e+04
4.677008666034112684e+04 4.278563246504403651e+04
4.689120734242547769e+04 4.265415756239602342e+04
4.690220689630624838e+04 4.261816494958428666e+04
4.705270164931355976e+04 4.251168429829366505e+04
4.709095052465132903e+04 4.255617394723556936e+04
4.714257365123461932e+04 4.249568574797315523e+04
4.719082186573941726e+04 4.242020094404462725e+04
4.729169315228390042e+04 4.229872495744517073e+04
4.732919153001450468e+04 4.217375116194691509e+04
4.757230859653197695e+04 4.221623711190605536e+04
4.766168135656672530e+04 4.244218601195095107e+04
4.771605514092731755e+04 4.262114570713555440e+04
4.774130464840237983e+04 4.271062555472832173e+04
4.780580216889909934e+04 4.260864638893166557e+04
4.803566934267478064e+04 4.253615722864866257e+04
4.820003955054702237e+04 4.269811762028373778e+04
4.822203838905121665e+04 4.258764164914935827e+04
4.842253164576541167e+04 4.251814882488735020e+04
4.849902897332212888e+04 4.246615673858672380e+04
4.859102587857062463e+04 4.243465937988134101e+04
4.866439858813572209e+04 4.245665075610624626e+04
4.879439422849647235e+04 4.241315435964800417e+04
4.890064104887377471e+04 4.247163570576813072e+04
4.898801287943124771e+04 4.239214988912316039e+04
4.909025961026048753e+04 4.240414215697301552e+04
4.915150753881619312e+04 4.238314414862822741e+04
4.910250851898128167e+04 4.225667605088837445e+04
4.908838350087101571e+04 4.215220113724423572e+04
4.902438476067641750e+04 4.197524521797336638e+04
4.910000707826088183e+04 4.193225202533369884e+04
4.917337963396462146e+04 4.191975189935695380e+04
4.928200122863717843e+04 4.194974030051846057e+04
4.945487120368028991e+04 4.207570300191501155e+04
4.949161919919971842e+04 4.192223806933034211e+04
4.955999160450301133e+04 4.184925274438923225e+04
4.961361481432570145e+04 4.184975044766115025e+04
4.973373508936946746e+04 4.170278119861055166e+04
4.980085806290199980e+04 4.173727023902861401e+04
4.987885488552413881e+04 4.162629429516615346e+04
4.997697728369769175e+04 4.174326191097218543e+04
5.004035019251157064e+04 4.174175983872730285e+04
5.008784844792413060e+04 4.170676663285726681e+04
5.011347237719770055e+04 4.167227416902221739e+04
5.019946953277755529e+04 4.166877178274607286e+04
5.026121785718039609e+04 4.173075401499308646e+04
5.033696530257561244e+04 4.172425271551683545e+04
5.031821501744759735e+04 4.157279132805345580e+04
5.027396616164909210e+04 4.151580713061196730e+04
5.031108954060089309e+04 4.144832269810698926e+04
5.030383889747795183e+04 4.129986003151722252e+04
5.039420933351281565e+04 4.104442112595960498e+04
5.039258397979475558e+04 4.095594053144706413e+04
5.050858007604419254e+04 4.091494107526261359e+04
5.051020496817806270e+04 4.074595787082146853e+04
5.041183323755150195e+04 4.054298082898650318e+04
5.039658372315461747e+04 4.043649179224763066e+04
5.034996024692209903e+04 4.027650878928974271e+04
5.049120546599314548e+04 4.021001176253426820e+04
5.052707922084745951e+04 4.010752104593673721e+04
5.074482180594047531e+04 4.006801973853027448e+04
5.080044498360645957e+04 4.017050795487966388e+04
5.083944370264047757e+04 4.028149566914187744e+04
5.093556547905958723e+04 4.021449943896522745e+04
5.121705766422103625e+04 4.026646386867342517e+04
5.137392828117101453e+04 4.021595277560036629e+04
5.145480100477754604e+04 4.019094710003212094e+04
5.168654448026930913e+04 4.008543516032677144e+04
5.174454281688423362e+04 4.003843480051308870e+04
5.177416679724049754e+04 3.987395150448707864e+04
5.173916755230887793e+04 3.964098275346960872e+04
5.182366494356573094e+04 3.943649940820038319e+04
5.179041579550947063e+04 3.938300886539882049e+04
5.174529204513470177e+04 3.934801708274660632e+04
5.171579280793562066e+04 3.925653053587302566e+04
5.178341571573098190e+04 3.911554149608872831e+04
5.188666269973933231e+04 3.903204293479304761e+04
5.189703749926947057e+04 3.914152873067231849e+04
5.200190952927316539e+04 3.913952006965782493e+04
5.196491043189424090e+04 3.901753822513017803e+04
5.202228370643558446e+04 3.894404258027952164e+04
5.213703033244912513e+04 3.889903895721910521e+04
5.217727917563018855e+04 3.889803585760341957e+04
5.243889661784237251e+04 3.885902002148516476e+04
5.268913916120654903e+04 3.869752225271472707e+04
5.277013643564342055e+04 3.849354422685829923e+04
5.290313241242279764e+04 3.838604974411707371e+04
5.322237292321352288e+04 3.829604061319306493e+04
5.331986991312529426e+04 3.822954212475381792e+04
5.344786570103873964e+04 3.806304755206918344e+04
5.365785920889512636e+04 3.797953872052254155e+04
5.373998155659902841e+04 3.792003658072184771e+04
5.382197923807648476e+04 3.797202443583356217e+04
5.388022752259019762e+04 3.798651775975013152e+04
5.386410272896348033e+04 3.789702744957990944e+04
5.389960144657350611e+04 3.782453094241349027e+04
5.381597844984324183e+04 3.765805352527834475e+04
5.374110516818251926e+04 3.748007592762354761e+04
5.379410335439699702e+04 3.741207763639604673e+04
5.397634849123680033e+04 3.762054318482149392e+04
5.413221900886902586e+04 3.770202204554527998e+04
5.403534650405053981e+04 3.755804405508842319e+04
5.428558785498864017e+04 3.723505467200512066e+04
5.456095373945252504e+04 3.700505648521892726e+04
5.476132221454416867e+04 3.688255435825372115e+04
5.497643992358178366e+04 3.667906080358661711e+04
5.509306085111270659e+04 3.653006919985357672e+04
5.520818186045926996e+04 3.640157590099517256e+04
5.546629841654421762e+04 3.625207655453169718e+04
5.579928748498286586e+04 3.607207767922524363e+04
5.597740605817618780e+04 3.582459794869134203e+04
5.613290115391067229e+04 3.578909384593134746e+04
5.627202116193145048e+04 3.578758635007124394e+04
5.646763754971884191e+04 3.568658885868592188e+04
5.669750141547364183e+04 3.548110202914755791e+04
5.679824307376029901e+04 3.516112802243791521e+04
5.677986371008318383e+04 3.475166862912429497e+04
5.680548502371227369e+04 3.454568755819601938e+04
5.678060928412456997e+04 3.440370234256051481e+04
5.677098286660690792e+04 3.425821677931305021e+04
5.688510381510108709e+04 3.432020647383993492e+04
5.709472213185182773e+04 3.449818072500824928e+04
5.727821558496693615e+04 3.459966303377086297e+04
5.742595871856284793e+04 3.455516165289422497e+04
5.754557767459086608e+04 3.447866494078328833e+04
5.767194676249870099e+04 3.443816434183157980e+04
5.770907021838112269e+04 3.443966272140201181e+04
5.773294281988788862e+04 3.433117352449288592e+04
5.775231493599934038e+04 3.416719054738292471e+04
5.791493266214407049e+04 3.414068768467102200e+04
5.827754324915597681e+04 3.422316556768212467e+04
5.859240717147092801e+04 3.440813243634998798e+04
5.872415202400367707e+04 3.444362319163093343e+04
5.876402648385183420e+04 3.453461072741029784e+04
5.875140407650114503e+04 3.469459203789196908e+04
5.880515302958036773e+04 3.479307797216763720e+04
5.892889916470053140e+04 3.492805541495280340e+04
5.899764522249507718e+04 3.486705939602898434e+04
5.912201365018310025e+04 3.480056140763917938e+04
5.922675801366230007e+04 3.473456454593827948e+04
5.930637822826940101e+04 3.464607198869949207e+04
5.919650708642986137e+04 3.455308898552367464e+04
5.924275321749667637e+04 3.441960380631638691e+04
5.923362773434119299e+04 3.434811328366724774e+04
5.919325299404212274e+04 3.422163099221000448e+04
5.919437579785310663e+04 3.405615178959025070e+04
5.964910526376485359e+04 3.409312926943786442e+04
5.977397454888420179e+04 3.409712385843973607e+04
5.990859341759874951e+04 3.410311776137351990e+04
6.017745600238756742e+04 3.410310722186556086e+04
6.027282601184258237e+04 3.406010964417504147e+04
6.049969231068459339e+04 3.419358151436783373e+04
6.056931307072855998e+04 3.411708991814963520e+04
6.055356277583097108e+04 3.404210150967119262e+04
6.044094059156056028e+04 3.386113196104578674e+04
6.064317986782209482e+04 3.376263933379808441e+04
6.078129777632653713e+04 3.371014250506460667e+04
6.077641979190416168e+04 3.347317804954992607e+04
6.081491369157482404e+04 3.315422468265937641e+04
6.086328395666182041e+04 3.297125101193226874e+04
6.093715233083500061e+04 3.269427777553768829e+04
6.092614977665629704e+04 3.238229810119001195e+04
6.081290318422333803e+04 3.220181210058461875e+04
6.106626576820143964e+04 3.211681231328193098e+04
6.112663672505167779e+04 3.197881995570752770e+04
6.116313311866193544e+04 3.177583233589865267e+04
6.134187436907668598e+04 3.170183344876440242e+04
6.153499273956043180e+04 3.194831277225771919e+04
6.159823909734515473e+04 3.188831462166085839e+04
6.166523432742257137e+04 3.172432360529107973e+04
6.176872768205136526e+04 3.155733229096839204e+04
6.191334354354604147e+04 3.134534393116133288e+04
6.222795017107867170e+04 3.106785895163938403e+04
6.220132437308097724e+04 3.085487622385332361e+04
6.218132392534043174e+04 3.070738807711796835e+04
6.225181946456455626e+04 3.061639465613849461e+04
6.231231631853280123e+04 3.061139458266878501e+04
6.237043685959128197e+04 3.045940660444973037e+04
6.258167560649430379e+04 3.041290971771162003e+04
6.295753162426641211e+04 3.042840702594723552e+04
6.312614625364320818e+04 3.027192171649215743e+04
6.337251137348730117e+04 3.050739760110294446e+04
6.378049058134527877e+04 3.050389613799564540e+04
6.433071395363134798e+04 3.058888061608560383e+04
6.434121557344810572e+04 3.075436024182382971e+04
6.454733127313060686e+04 3.081934746479801834e+04
6.458508040653239004e+04 3.089233732865145430e+04
6.467732479789655190e+04 3.081134547783015296e+04
6.476569449678098317e+04 3.074185246124118567e+04
6.492543709124869201e+04 3.077584449076373130e+04
6.503255838308332022e+04 3.088982669471018016e+04
6.505643263860035222e+04 3.091982205810165033e+04
6.524292254313291050e+04 3.085332668535644189e+04
6.539491498333378695e+04 3.084782390811806545e+04
6.543091117342375219e+04 3.070484347826521844e+04
6.560452518389397301e+04 3.053886411059089005e+04
6.569577089915866964e+04 3.055436026486568153e+04
6.574126926365867257e+04 3.059835294137755409e+04
6.584713716179062612e+04 3.047187003447394818e+04
6.597212938219541684e+04 3.036888376866467297e+04
6.603087633161502890e+04 3.035888450642861426e+04
6.602962489964568522e+04 3.026039964918280020e+04
6.621961553644388914e+04 3.027039583419077098e+04
6.629123576428147499e+04 3.019240735855139792e+04
6.637698066404112615e+04 3.010041633850242943e+04
6.652072286185109988e+04 3.001292338053137064e+04
6.655247101469279733e+04 2.997492679947940633e+04
6.669421320619399194e+04 2.986093671013461426e+04
6.675883527752116788e+04 2.986193511697649956e+04
6.690220432288944721e+04 2.981993317662179470e+04
6.705194853982410859e+04 2.983192552140261978e+04
6.714456993016565684e+04 2.983542117624077946e+04
6.712156979991763365e+04 2.969343699917010963e+04
6.741655736373818945e+04 2.956693851379677653e+04
6.748967950995895080e+04 2.956943537713959813e+04
6.750955267582857050e+04 2.941895100977923721e+04
6.755780023642233573e+04 2.934395740847708657e+04
6.763579582815303002e+04 2.914697630824008957e+04
6.780903903256845661e+04 2.914697034610947594e+04
6.787366125775699038e+04 2.910947239149827510e+04
6.798378138586122077e+04 2.902797802923480049e+04
6.806690256352606229e+04 2.894898441531555727e+04
6.814052383623714559e+04 2.882349672262975946e+04
6.829164184344606474e+04 2.866451093408791348e+04
6.854225657761795446e+04 2.859501230155676603e+04
6.861025471498421393e+04 2.870749670291366056e+04
6.866137752265110612e+04 2.867999862598394975e+04
6.872624969573842827e+04 2.863550228407001123e+04
6.876649788500845898e+04 2.859800582960713655e+04
6.894624046563240699e+04 2.853750859098555520e+04
6.907473572622437496e+04 2.858149957502121106e+04
6.914185873822227586e+04 2.867798534912662581e+04
6.922123104359454010e+04 2.873547567375376821e+04
6.925660421027499251e+04 2.866998316983180121e+04
6.928197811471903697e+04 2.865348460831772536e+04
6.940097327803028747e+04 2.864548131352756172e+04
6.946397026489675045e+04 2.860048396032024175e+04
6.955471600743336603e+04 2.853998726021358743e+04
6.962383752559090499e+04 2.845849466735683382e+04
6.987020179919700604e+04 2.842648652715794742e+04
7.003894444128661416e+04 2.839948180691478774e+04
7.014869014759233687e+04 2.846246736956993118e+04
7.026556102302204818e+04 2.860894049242837355e+04
7.039505503664421849e+04 2.852894524057721719e+04
7.065491849697974976e+04 2.845394298456981778e+04
7.099577873170259409e+04 2.841843118873797357e+04
7.154187950227409601e+04 2.822893417788390070e+04
7.193448699129174929e+04 2.806594245305936784e+04
7.214984641664125957e+04 2.792695488126762211e+04
7.242294915327988565e+04 2.772997570429835469e+04
7.276054667937452905e+04 2.760348341184761375e+04
7.279441915856325068e+04 2.761697955981362611e+04
7.292328314808069263e+04 2.753848853426706046e+04
7.306202238751889672e+04 2.755547976009128615e+04
7.311951848194957711e+04 2.760646782360784709e+04
7.318251346861734055e+04 2.759996640873560682e+04
7.322738504010264296e+04 2.760996263220859692e+04
7.331112739484000485e+04 2.753047393066156656e+04
7.336474864292936400e+04 2.756846489577135071e+04
7.344961641712195706e+04 2.752546858743764460e+04
7.351323608120984863e+04 2.744747314956830814e+04
7.354473340144963004e+04 2.739797646492673084e+04
7.358135526905895676e+04 2.732748157961387187e+04
7.370821994464402087e+04 2.722548629683209583e+04
7.382646064841619227e+04 2.722448192785959691e+04
7.394032664851495065e+04 2.719998003308987245e+04
7.402931967853184324e+04 2.720147656632307917e+04
7.407744072656182107e+04 2.713698119988664985e+04
7.418543214326829184e+04 2.709898111848672852e+04
7.424205257381557021e+04 2.703648548910114914e+04
7.426230081539473031e+04 2.696299226756813005e+04
7.429517323373106774e+04 2.696349112480087206e+04
7.421417930578032974e+04 2.686100429320475087e+04
7.415580870142707136e+04 2.681851049631275237e+04
7.411981143430701923e+04 2.679101438111672178e+04
7.405119150442269165e+04 2.670552508366340771e+04
7.395732360567746218e+04 2.664153422886691988e+04
7.400506977032485884e+04 2.659603728758543730e+04
7.404781624615599867e+04 2.652854273869097233e+04
7.417730649017298128e+04 2.661303055207338184e+04
7.418018112180044409e+04 2.655853598648775369e+04
7.420892878436215688e+04 2.651503955156402662e+04
7.422555231982562691e+04 2.644304640207719058e+04
7.430329611732042395e+04 2.635705309303291142e+04
7.438254002532653976e+04 2.635755098863178864e+04
7.442766154471051414e+04 2.635654992768028751e+04
7.449040662194497418e+04 2.629755453051067889e+04
7.452652890147967264e+04 2.632405081564700231e+04
7.460739770161965862e+04 2.633504760002205148e+04
7.463377105147030670e+04 2.629304981392621994e+04
7.465414488244464155e+04 2.627654948300542310e+04
7.465764446074957959e+04 2.618655893085012212e+04
7.472626550612936262e+04 2.613755733383586630e+04
7.482825944262323901e+04 2.602505973886139691e+04
7.487938155791372992e+04 2.602905425093276426e+04
7.494875225466291886e+04 2.594105762755917385e+04
7.502524815900134854e+04 2.599154433359438553e+04
7.505949582929559983e+04 2.591704978185240179e+04
7.513549068387586158e+04 2.576606063359370455e+04
7.526823182765592355e+04 2.557407199068553746e+04
7.541384751921088900e+04 2.547707151161972433e+04
7.550909151615190785e+04 2.543506880195811391e+04
7.568195460589579307e+04 2.525657788409572095e+04
7.573570094333065208e+04 2.521557908182218671e+04
7.575257446515816264e+04 2.516358472606539726e+04
7.584056797283771448e+04 2.505409273726353422e+04
7.592031208436412271e+04 2.495959977644495666e+04
7.590806190628639888e+04 2.486261395268049091e+04
7.590593615672120359e+04 2.477662506715254858e+04
7.591605927741143387e+04 2.465913786128582433e+04
7.596030513291212264e+04 2.453664900486916304e+04
7.598730154463776853e+04 2.436866670751897618e+04
7.617441201079695020e+04 2.417167845272505656e+04
7.636477418449160177e+04 2.415966876006778330e+04
7.642152081987971906e+04 2.419366125117475167e+04
7.647364214978471864e+04 2.417566042508929968e+04
7.649651495969644748e+04 2.412466539934324101e+04
7.646126599765836727e+04 2.401968035811651498e+04
7.640951858950208407e+04 2.395069173777196556e+04
7.637239605678827502e+04 2.394669426386849955e+04
7.630252557963773143e+04 2.393169989019352943e+04
7.623940508050553035e+04 2.395170095337973908e+04
7.615940979018888902e+04 2.389121252332488075e+04
7.611753751655761153e+04 2.388021608513826504e+04
7.599854527661355678e+04 2.385522541105980054e+04
7.588742724171699956e+04 2.379773793286923319e+04
7.584930434042785782e+04 2.375024529339885339e+04
7.575505898112105206e+04 2.356477087432751432e+04
7.579205557825160213e+04 2.347977858776971698e+04
7.580655428731837310e+04 2.345078113117069006e+04
7.582542731540498789e+04 2.338528762714983895e+04
7.586217434929043520e+04 2.334279071456380188e+04
7.590767098284931853e+04 2.332629053750447929e+04
7.589492117823159788e+04 2.325579911407409236e+04
7.594716690510557964e+04 2.319880333855981007e+04
7.597116474981908686e+04 2.315380744703626260e+04
7.601116137564543169e+04 2.310431149323610589e+04
7.603028489014576189e+04 2.309181213656719774e+04
7.604740789828763809e+04 2.301931982212420553e+04
7.624839335772767663e+04 2.299831435150001198e+04
7.632038893053226639e+04 2.305880420477315784e+04
7.639100940524041653e+04 2.309929645674210042e+04
7.649850169545656536e+04 2.309229291508160532e+04
7.657362127080699429e+04 2.308479078544536605e+04
7.653849732118356042e+04 2.297280608755955473e+04
7.654387112407526001e+04 2.290881380954477936e+04
7.655449344818654936e+04 2.275983189908275381e+04
7.647724893104343209e+04 2.275033580219931901e+04
7.637500623907684349e+04 2.274334022286767140e+04
7.629938634481001645e+04 2.271234660649579018e+04
7.634875697847222909e+04 2.264835263600572944e+04
7.626313797583058476e+04 2.262835788113810122e+04
7.621089163351093885e+04 2.261436126039410010e+04
7.616764364633732475e+04 2.251237467078352347e+04
7.614951953877822962e+04 2.247587954653007910e+04
7.618776610619458370e+04 2.241838514457503334e+04
7.620301415890792850e+04 2.234739305603969842e+04
7.618601466303167399e+04 2.227840166618954390e+04
7.613889252189325634e+04 2.222090968755213544e+04
7.617288901339739095e+04 2.213341903750272468e+04
7.616426369529694784e+04 2.203493052604841068e+04
7.621038535246392712e+04 2.198343429668247700e+04
7.618738710701849777e+04 2.194093888424523175e+04
7.615388966507394798e+04 2.190444314454635605e+04
7.610501838869415224e+04 2.184444995598029345e+04
7.613014165286300704e+04 2.177195621831947938e+04
7.613376651284017134e+04 2.167146566189220175e+04
7.618288796791085042e+04 2.161946953672869131e+04
7.615888981547439471e+04 2.156497520193504170e+04
7.620651139082596637e+04 2.149598077332135290e+04
7.622451017824746668e+04 2.144448531326279044e+04
7.622925991916493513e+04 2.138999043995374814e+04
7.624850859994138591e+04 2.133499528619414195e+04
7.620726165764103644e+04 2.129150019755819812e+04
7.618926317794248462e+04 2.117301181534351781e+04
7.614439145259582438e+04 2.116301355320634320e+04
7.614101688670564909e+04 2.101152793256752193e+04
7.616226545839465689e+04 2.095153324385313317e+04
7.608752092028839979e+04 2.087404174064379185e+04
7.610501977344707120e+04 2.078404995759669691e+04
7.614851674688549247e+04 2.070805648776935413e+04
7.610639487154362723e+04 2.064206328027741984e+04
7.609677064655139111e+04 2.056607057975744829e+04
7.602202603151439689e+04 2.049107859400054440e+04
7.593265738727303687e+04 2.050657832555379719e+04
7.590665930545865558e+04 2.043358542293729261e+04
7.591828353675955441e+04 2.036159196572750807e+04
7.589266033832787070e+04 2.033009518400253728e+04
7.590628446054132655e+04 2.025410206036362797e+04
7.593928216054989025e+04 2.018060849264217541e+04
7.595965587612800300e+04 2.000612451116181910e+04
7.610552074627450202e+04 1.996412707125442103e+04
7.619913931256672367e+04 1.987513461821759120e+04
7.620663894195435569e+04 1.976764471285371110e+04
7.608989715626742691e+04 1.968215364599414170e+04
7.615151812186872121e+04 1.948017224149499089e+04
7.611852057572151534e+04 1.932418705862946808e+04
7.607477407750335988e+04 1.924919418816966936e+04
7.608565058070281520e+04 1.912070573594607413e+04
7.606127835265616886e+04 1.905571166613791138e+04
7.602528189330874011e+04 1.898971776627004147e+04
7.584679282178345602e+04 1.904671323406137526e+04
7.572505319361749571e+04 1.890672613993193954e+04
7.572717886625207029e+04 1.885673055959213525e+04
7.574267909785488155e+04 1.877573774713696912e+04
7.571893231653538533e+04 1.867124710116162896e+04
7.569593707138788886e+04 1.846476548052486032e+04
7.568531563197996002e+04 1.827928194516384974e+04
7.568819126370665617e+04 1.822678661657916382e+04
7.572194096147140954e+04 1.811129683984210715e+04
7.566257145022647455e+04 1.799580710157006979e+04
7.569232063532422762e+04 1.792981297090975568e+04
7.575731739770725835e+04 1.787931749477237463e+04
7.570482103055820335e+04 1.785431966613745317e+04
7.569644773748575244e+04 1.777832638863660395e+04
7.566520055747136939e+04 1.772033151390403509e+04
7.548921100339875557e+04 1.774232939077448100e+04
7.542284114311786834e+04 1.766883578458800912e+04
7.541196787100855727e+04 1.759434230987541378e+04
7.537084601805370767e+04 1.754734637357806787e+04
7.529572501948499121e+04 1.758734276861231774e+04
7.527010205184551887e+04 1.755284572739945725e+04
7.517873220886930358e+04 1.758234304133057594e+04
7.510123816694645211e+04 1.748635123935760930e+04
7.513748734369839076e+04 1.738186036258982494e+04
7.520123421272635460e+04 1.732936507247108966e+04
7.511848926473176107e+04 1.732086561302281916e+04
7.501537079348566476e+04 1.729186788716632873e+04
7.509186692861630581e+04 1.723887262431904674e+04
7.497449904229107779e+04 1.722737332850228995e+04
7.488488018089334946e+04 1.715737910829391330e+04
7.478788666405749973e+04 1.709288435730291530e+04
7.479613748342881445e+04 1.697889411409664899e+04
7.480926309459772892e+04 1.686140421565482393e+04
7.478576503028557636e+04 1.681290824577677995e+04
7.468527220440213569e+04 1.677441119194636121e+04
7.472764502774202265e+04 1.671991597244935110e+04
7.465265081099455711e+04 1.665592115572141483e+04
7.466127651374868583e+04 1.654743045866349712e+04
7.463590430178039242e+04 1.646793725666962564e+04
7.466140483418421354e+04 1.637544618696207181e+04
7.467665538714581635e+04 1.631045246334234253e+04
7.470365468377340585e+04 1.626695675926096737e+04
7.457128830797993578e+04 1.627345540462760255e+04
7.445667173334315885e+04 1.624095783120859414e+04
7.440842813468130771e+04 1.610547022237535566e+04
7.433955756452179048e+04 1.610946938875457272e+04
7.434255967034690548e+04 1.601147850364167243e+04
7.429531324763549492e+04 1.599197995189717039e+04
7.423206831306894310e+04 1.595298307920014486e+04
7.418607255301985424e+04 1.589898767856974155e+04
7.408420559067383874e+04 1.583899229747895151e+04
7.407258359036385082e+04 1.573950126338889822e+04
7.410608291711099446e+04 1.567300762158492580e+04
7.405408675348211545e+04 1.565250897052278742e+04
7.404521344921621494e+04 1.560251342864846811e+04
7.397034278319985606e+04 1.562701043831743300e+04
7.396284588485257700e+04 1.550852105600340292e+04
7.387447749379032757e+04 1.546752375387912616e+04
7.382385631286201533e+04 1.544102554547507316e+04
7.376473524936684407e+04 1.543502537268772721e+04
7.377298649185709655e+04 1.535453260989114642e+04
7.373473980904475320e+04 1.531403574207890779e+04
7.370099245766678359e+04 1.529153731550043449e+04
7.364537154945696238e+04 1.526553888749796897e+04
7.366399720682378393e+04 1.517904672122094780e+04
7.359925254639959894e+04 1.512205083031067625e+04
7.350488444413419347e+04 1.507805334562901407e+04
7.344476358904410154e+04 1.506305381759628654e+04
7.340014327327965293e+04 1.497306091905385256e+04
7.334052350641321391e+04 1.490006628549611196e+04
7.324515430473070592e+04 1.491056394338095561e+04
7.315966142999916337e+04 1.482356995803862810e+04
7.297592149086750578e+04 1.489756095977453515e+04
7.285130276909261011e+04 1.497955237139854580e+04
7.266231477032578550e+04 1.497654988091951236e+04
7.255107391553989146e+04 1.486005754308169708e+04
7.250107764282380231e+04 1.482705938148871064e+04
7.245020674478879664e+04 1.477756250452063978e+04
7.240458590658777393e+04 1.470356761778378859e+04
7.232809157932910603e+04 1.465257032258110121e+04
7.225034662787348498e+04 1.464007000427786261e+04
7.217572625594411511e+04 1.461956985306693241e+04
7.211222845011157915e+04 1.469156269483081996e+04
7.198361106200679205e+04 1.465456213576858863e+04
7.185761812683846802e+04 1.464105987181048840e+04
7.173050138775992673e+04 1.456106254282966256e+04
7.163300793666124810e+04 1.448906535447994247e+04
7.168675681280973367e+04 1.438657448402140290e+04
7.163138554477563594e+04 1.434307620276091620e+04
7.158813790379022248e+04 1.434257507607201114e+04
7.154764049746328965e+04 1.432107555638486519e+04
7.145189679705165327e+04 1.425657768969982862e+04
7.141702525710989721e+04 1.416558346094796434e+04
7.131728208259586245e+04 1.408658646207721904e+04
7.116429335114767309e+04 1.391659450361318886e+04
7.105130043775320519e+04 1.386309507531393319e+04
7.096118164209276438e+04 1.378659794008405879e+04
7.091806082139397040e+04 1.368260415114276111e+04
7.084619287664839067e+04 1.354011211594520137e+04
7.079007157259143423e+04 1.351361221506539732e+04
7.073919975138793234e+04 1.349611186175793409e+04
7.070170298920245841e+04 1.344661410008650273e+04
7.063245799724443350e+04 1.339511544740293175e+04
7.057983638688840438e+04 1.337311522414581850e+04
7.041497328391391784e+04 1.325111799347447231e+04
7.030698544448579196e+04 1.299263124678051099e+04
7.028299133091198746e+04 1.280414260529633611e+04
7.027574580368178431e+04 1.263565325759164989e+04
7.031862113846349530e+04 1.252516213110601529e+04
7.022562751884886529e+04 1.247166181810339913e+04
7.024037848373583984e+04 1.239866710761468858e+04
7.016513378057465889e+04 1.234916715341759846e+04
7.012388714599725790e+04 1.230416826159646735e+04
7.009201540395908523e+04 1.224267076979530975e+04
7.005939320277899969e+04 1.219967203814396635e+04
6.996414920583798084e+04 1.216866980553185567e+04
7.002677211709425319e+04 1.211367595959408209e+04
6.992777801696921233e+04 1.209367278081318364e+04
7.008764527766336687e+04 1.205118259966466576e+04
6.993690338472859003e+04 1.205817537102522328e+04
6.979903338545886800e+04 1.216266293977200985e+04
6.966504415619559586e+04 1.202266526766913012e+04
6.974279191562230699e+04 1.193917374553391710e+04
6.970854532235802617e+04 1.187667584669217467e+04
6.974742037526483182e+04 1.178818294326495379e+04
6.976392197554232553e+04 1.168518986908718944e+04
6.985816895039414521e+04 1.159719974635913968e+04
6.981804792759893462e+04 1.152370217824075371e+04
6.973592765702435281e+04 1.151619850999023765e+04
6.967893122759892140e+04 1.149819672227092087e+04
6.968518346387986094e+04 1.139220323474379256e+04
6.958393871717096772e+04 1.139269982252083719e+04
6.952981834259128664e+04 1.131620261035999283e+04
6.948357163454417605e+04 1.127870338639151305e+04
6.941894917856343091e+04 1.131119942119624466e+04
6.937995119037129916e+04 1.131119819030491635e+04
6.928858088581077754e+04 1.131069533267477527e+04
6.924845809360907879e+04 1.130519440177362412e+04
6.920620935951522551e+04 1.134319082896411419e+04
6.915883696275530383e+04 1.133618974908674136e+04
6.905734261433593929e+04 1.131918756063515320e+04
6.903134668658161536e+04 1.120269360725209117e+04
6.899297364506695885e+04 1.120319238755432889e+04
6.888610307043825742e+04 1.124968627399438992e+04
6.879623483812226914e+04 1.115768886869633570e+04
6.874474018583598081e+04 1.104169411873444915e+04
6.870949210850102827e+04 1.103619334169477224e+04
6.865174448909191415e+04 1.106168998909741640e+04
6.858374908276612405e+04 1.101369072239194065e+04
6.849025364408607129e+04 1.102218725847266614e+04
6.832263880630419590e+04 1.095268612569291145e+04
6.815427150918170810e+04 1.099267844339925796e+04
6.797215827005577739e+04 1.088517911402229220e+04
6.789916502125095576e+04 1.074168874891381711e+04
6.783954183096752968e+04 1.080318031704984605e+04
6.766517501496861223e+04 1.083617236265027896e+04
6.757317984066123608e+04 1.083016984347626567e+04
6.747781071590946522e+04 1.078117090057209134e+04
6.741731236179231200e+04 1.084966377937747166e+04
6.732694246427249163e+04 1.082766224829852581e+04
6.728019432181352749e+04 1.085165936216991395e+04
6.720282271512632724e+04 1.087765536685520783e+04
6.714657532162463758e+04 1.089065281144995242e+04
6.700633143276278861e+04 1.092314661526400596e+04
6.688695927047403529e+04 1.104563589479913935e+04
6.671271446659194771e+04 1.117562322664260864e+04
6.653822086877177935e+04 1.124711405701469630e+04
6.636547852178779431e+04 1.125860850619617850e+04
6.612924363872536924e+04 1.106311301503051072e+04
6.583038619059487246e+04 1.089061419223016128e+04
6.569689547237614170e+04 1.075061909730639309e+04
6.560340322632086463e+04 1.058913121413299814e+04
6.553890705211169552e+04 1.055113270981283858e+04
6.538866678591549862e+04 1.042213978441432118e+04
6.520605061222880613e+04 1.040813520134100690e+04
6.504405979449488223e+04 1.033213680794788525e+04
6.490269302489142865e+04 1.025813876705151051e+04
6.483882275899371598e+04 1.017914365298347548e+04
6.480995046867080964e+04 1.011914796416973695e+04
6.457683520310337190e+04 1.017013571996334940e+04
6.423384987272636499e+04 1.022462047688290477e+04
6.415310566188220400e+04 1.013712544178264216e+04
6.399348904146323912e+04 1.009412417141767219e+04
6.374675238472269848e+04 1.001462308402545750e+04
6.360575872909545433e+04 1.002461788428016007e+04
6.357026112698076759e+04 9.993119333148933947e+03
6.347751280095649417e+04 1.010360761319799349e+04
6.330827268638706300e+04 1.001910914491117001e+04
6.326502554545132443e+04 9.984110553890466690e+03
6.323040326103183907e+04 9.938612997163087130e+03
6.302141489145520609e+04 9.861612350392155349e+03
6.308166618257551454e+04 9.693127272342331707e+03
6.291405580677511171e+04 9.419142601966857910e+03
6.273569309395214077e+04 9.263148072019219398e+03
6.233097036333417054e+04 8.944656635617371649e+03
6.220110338959714863e+04 8.872656870089005679e+03
6.209210871941363439e+04 8.868153038207441568e+03
6.188849172941118013e+04 8.935140613678377122e+03
6.159426185621996410e+04 8.682146373972296715e+03
6.159776416556537151e+04 8.587652913103811443e+03
6.149627031719556544e+04 8.532652489589992911e+03
6.147264858675620053e+04 8.451156973366159946e+03
6.140015288736205548e+04 8.415656332487706095e+03
6.137603026102588046e+04 8.368658472922630608e+03
6.139928403184702620e+04 8.186671515568159521e+03
6.128591719670384191e+04 8.079173763270955533e+03
6.111167554698104504e+04 8.073666600981727242e+03
6.080331234716228209e+04 8.171647100448142737e+03
6.072081692394742277e+04 8.144645265107043087e+03
6.070619351018872112e+04 8.112146691588684916e+03
6.065569507221900858e+04 8.141642659232486039e+03
6.063294681313750334e+04 8.116643253517337143e+03
6.054807661562738940e+04 8.087641411867458373e+03
6.061832886145974044e+04 7.868660242234822363e+03
6.053758407363528386e+04 7.785165758267045021e+03
6.050521224347280804e+04 7.685175251498352736e+03
6.040621448913868517e+04 7.832654666597489268e+03
6.012710219416522887e+04 7.864638650551438332e+03
6.009198078325542156e+04 7.746149922148324549e+03
6.005373386965086684e+04 7.667156769813504070e+03
6.013785606980219018e+04 7.596168297022115439e+03
6.010023237193399109e+04 7.624663472971413285e+03
6.007886013411777094e+04 7.517174183052964509e+03
5.997923851013625972e+04 7.600660589295905083e+03
5.988211505731963553e+04 7.787635965116322041e+03
5.973299186359602027e+04 8.018110391504596919e+03
5.960736773428379092e+04 8.190595174449030310e+03
5.942474756019993220e+04 8.317080389273818582e+03
5.913963455392385367e+04 8.302572948570828885e+03
5.867177493793098256e+04 8.349061411395203322e+03
5.843303472914686427e+04 8.305059310870710760e+03
5.820379688709951006e+04 8.164562858465593308e+03
5.795655910367006436e+04 8.041565143823157996e+03
5.769244876004708931e+04 7.844072185062337667e+03
5.766132682323968038e+04 7.737582032828126103e+03
5.757295493182982318e+04 7.740579945928882807e+03
5.750633223874832038e+04 7.745078200333286077e+03
5.743283317048079334e+04 7.834068114656489342e+03
5.745320334724604618e+04 7.991558485460467637e+03
5.726458173101779539e+04 8.113547946128994226e+03
5.713633888010750525e+04 8.018051000991370529e+03
5.705859289008716587e+04 7.970552245528902858e+03
5.698397109493950848e+04 7.951051962843630463e+03
5.690247619416133966e+04 7.868055220612790436e+03
5.687110484797018580e+04 7.746065375290811062e+03
5.677423349711252376e+04 7.736564316376112401e+03
5.665448764386714902e+04 7.756559917481616139e+03
5.662511057264625560e+04 7.901047804729081690e+03
5.651211750539042987e+04 7.810051652709487826e+03
5.641362195477529895e+04 7.793050925941672176e+03
5.620412761187460274e+04 7.919537256261799484e+03
5.611125269635592122e+04 8.064526808713097125e+03
5.609549974734860007e+04 8.202018539648503065e+03
5.595624988027790096e+04 8.420002802588045597e+03
5.577338425874221139e+04 8.354002479005139321e+03
5.516865878165990580e+04 8.386486974202096462e+03
5.506841001847537700e+04 8.501978020296432078e+03
5.445531013282528147e+04 8.527462704972364008e+03
5.409582820266752969e+04 8.410961327775381505e+03
5.393833690869482234e+04 8.348461005616467446e+03
5.378634262215672061e+04 8.395954452859237790e+03
5.348348512294341344e+04 8.248955277759581804e+03
5.340224032392539084e+04 8.187456747394055128e+03
5.323262459513149224e+04 8.124456067853141576e+03
5.311588119389954954e+04 8.072456057688221335e+03
5.294838725273893215e+04 8.135948209113441408e+03
5.271977439583453815e+04 8.064446493044961244e+03
5.255628262135141995e+04 8.031444215658586472e+03
5.251653509718598798e+04 8.004944699432235211e+03
5.237267015641741455e+04 7.859449212122242898e+03
5.232729776596615557e+04 7.835949378403834999e+03
5.212643224151362665e+04 7.820945080666337162e+03
5.207681100604159292e+04 7.757447544091381133e+03
5.195544210699957330e+04 7.728446587144862860e+03
5.184907377455523238e+04 7.638450534442905337e+03
5.175433009653061163e+04 7.538455488762352616e+03
5.148609295846894383e+04 7.504950815330259502e+03
5.130323176044947468e+04 7.244464831634890288e+03
5.126810942637105472e+04 7.193467536432202905e+03
5.119024038566939998e+04 7.078973627823404968e+03
5.110024479455174878e+04 7.066471963232383132e+03
5.100325008528970648e+04 7.028471881832927465e+03
5.094650548856565729e+04 6.891980019422713667e+03
5.086775909150473308e+04 6.894477498211432248e+03
5.081838780393148772e+04 6.823481101555749774e+03
5.078263983079907484e+04 6.805481314035132527e+03
5.072839232821005862e+04 6.807479550937190652e+03
5.061352388240664732e+04 6.746980389047879726e+03
5.054015351922821719e+04 6.685982485321350396e+03
5.039078468572604470e+04 6.723975335233844817e+03
5.033578918577788863e+04 6.626480422451626509e+03
5.017629842401156202e+04 6.535481847114395350e+03
4.998868152294401079e+04 6.564974083618260920e+03
4.994405920698097907e+04 6.534474785566795617e+03
4.987493645793187898e+04 6.581969463700894266e+03
4.980681476983451284e+04 6.574467911045532674e+03
4.973306971560022794e+04 6.498470748543739319e+03
4.972519658758281730e+04 6.423475493231322616e+03
4.962920213149988558e+04 6.367476239756681025e+03
4.951820860896841623e+04 6.301477147065103054e+03
4.940596376986370888e+04 6.302473553708288819e+03
4.931959380803047679e+04 6.250974208648316562e+03
4.924934833210112993e+04 6.186476188101805747e+03
4.917310383734502830e+04 6.086980191980954260e+03
4.916585504055931233e+04 6.043482756958343089e+03
4.906261101838352624e+04 5.983983232801780105e+03
4.896286734381981660e+04 5.897985500241629779e+03
4.891486765399551950e+04 5.993477829536423087e+03
4.876974989650468342e+04 5.960475513685029000e+03
4.867037948977877386e+04 5.955972758833318949e+03
4.861800694261828903e+04 5.953471318113151938e+03
4.858663582721923012e+04 5.828978147267829627e+03
4.848401675172103569e+04 5.763478988838847727e+03
4.839202165434439667e+04 5.727978309495840222e+03
4.825315459452022333e+04 5.643479071901645511e+03
4.817240938357682899e+04 5.586479988366365433e+03
4.809641379815479741e+04 5.537480468481779099e+03
4.799454472021409310e+04 5.470481199542060494e+03
4.790755035021842923e+04 5.385483412438072264e+03
4.780968001553823706e+04 5.373980885531287640e+03
4.774768532051495276e+04 5.246486301237251610e+03
4.765256460504757706e+04 5.248982972253113985e+03
4.757781829753483180e+04 5.232981383169535547e+03
4.750382206451043021e+04 5.211480132541153580e+03
4.745357545924186707e+04 5.154481741382274777e+03
4.738308030467142817e+04 5.070484130526892841e+03
4.726646041570510715e+04 5.079479639236349612e+03
4.717671358006016817e+04 5.124974003339186311e+03
4.702734613131079823e+04 5.085471157318446785e+03
4.692747640576772392e+04 5.045969926842488348e+03
4.682573107088496909e+04 5.043966535582207143e+03
4.678923502346291207e+04 4.926971647837199271e+03
4.669261477446462959e+04 4.907469326487742364e+03
4.661286904739320744e+04 4.863469687745906413e+03
4.653399856108624954e+04 4.802471322435420007e+03
4.645575302145676687e+04 4.740972984396386892e+03
4.638200639014283661e+04 4.739470412102527916e+03
4.623026289774128236e+04 4.742465363370720297e+03
4.612176850800879765e+04 4.667467453949153423e+03
4.603227296655008104e+04 4.619968121506273746e+03
4.596577620905195363e+04 4.587468355562072247e+03
4.589302963859040756e+04 4.561467965825926512e+03
4.570991256900690496e+04 4.541463786945678294e+03
4.550879601962561719e+04 4.534458129690028727e+03
4.533230422336864285e+04 4.478956425625830889e+03
4.532305615111603402e+04 4.379462622030172497e+03
4.521356154666969087e+04 4.324462737031280994e+03
4.513106646964314859e+04 4.228966253478080034e+03
4.501857195189711638e+04 4.177465908318758011e+03
4.498944886743766256e+04 4.133467769726179540e+03
4.494832820690900553e+04 3.964477064540144056e+03
4.486595660368271638e+04 3.967974065666086972e+03
4.485283410820784047e+04 3.842981383677106351e+03
4.471296587203582749e+04 3.785980107616633177e+03
4.465784343640517909e+04 3.767979281531181186e+03
4.459097206478181761e+04 3.716480090332683176e+03
4.445172885221813340e+04 3.656978758304379880e+03
4.435148393556941301e+04 3.599478586545679718e+03
4.417624153261783067e+04 3.583973239050246775e+03
4.402537435801082756e+04 3.492473075440153480e+03
4.392975355441914871e+04 3.479970295353792608e+03
4.373463787020184100e+04 3.409467139988671988e+03
4.363851736313954461e+04 3.327970277477521449e+03
4.345314899306115694e+04 3.295469357572030276e+03
4.327377979567099828e+04 3.302466321656480432e+03
4.318540778886503540e+04 3.299465177465695888e+03
4.300128835050773341e+04 3.330960689833387733e+03
4.290516553552402183e+04 3.395955644344445318e+03
4.280167018069652840e+04 3.316458557349629700e+03
4.270242363242455758e+04 3.306457641102839261e+03
4.255330263122625183e+04 3.366452099025715142e+03
4.243555705354711972e+04 3.332452261035330594e+03
4.227843575785658322e+04 3.428944574251305312e+03
4.220343934858369175e+04 3.357447435560636222e+03
4.208656720379716717e+04 3.422942055077292025e+03
4.202381997250264976e+04 3.377943663305137306e+03
4.194932230506651103e+04 3.384442193275783211e+03
4.186257495960220695e+04 3.399940040026791394e+03
4.175320344430266414e+04 3.408937933588400483e+03
4.167283111654338427e+04 3.408436768434010446e+03
4.161308310617203824e+04 3.407435938274487853e+03
4.155070945043803658e+04 3.452932494902517647e+03
4.141283833567285910e+04 3.498427936035208404e+03
4.117384687116788700e+04 3.457426671979017556e+03
4.099835202006925829e+04 3.488422096222639084e+03
4.090348025240132120e+04 3.474921217017341405e+03
4.080735951454681344e+04 3.393924134907312691e+03
4.071411306213156786e+04 3.353924816505983472e+03
4.059436659344052896e+04 3.371421823327429593e+03
4.053049271179921925e+04 3.432417303736321628e+03
4.046949569277605042e+04 3.362420198625884950e+03
4.039737229958560783e+04 3.409416365715675056e+03
4.021737819398322608e+04 3.395414090564008802e+03
4.018425575081747957e+04 3.293919280560221523e+03
4.011150787253363524e+04 3.305417383951134980e+03
4.006900880588765722e+04 3.333915060149040073e+03
4.000801067136903293e+04 3.337913841874804348e+03
3.994376359882077668e+04 3.276416234677657485e+03
3.983039280174567830e+04 3.233916744912508875e+03
3.978451970772445202e+04 3.203417677653487772e+03
3.976002204414410517e+04 3.095923387238755822e+03
3.972727425356896129e+04 3.013927475167904049e+03
3.965215210103953723e+04 2.979928175692446530e+03
3.958065326987288427e+04 3.055422672891058028e+03
3.952315632920432836e+04 2.968926660078112036e+03
3.944078341815597378e+04 3.005423207549843937e+03
3.935878681370848790e+04 2.947425178657751530e+03
3.930166267929330934e+04 3.014420408735051751e+03
3.921191592057910748e+04 2.983920649099629372e+03
3.914954057236935478e+04 3.146910296794492751e+03
3.910629031573957764e+04 3.261902985705528408e+03
3.903791683340619784e+04 3.308899152795318514e+03
3.896979368362529203e+04 3.329896814951673150e+03
3.885529846719419584e+04 3.247399622330442071e+03
3.877242554495215882e+04 3.287895874696318060e+03
3.866092966484033968e+04 3.244896489134058356e+03
3.856818156960827764e+04 3.320390563213732094e+03
3.848693442420335487e+04 3.295390580518171191e+03
3.846606154366955161e+04 3.188396339762490243e+03
3.837231292600068264e+04 3.293388535545673221e+03
3.830531504181365017e+04 3.289387484363280237e+03
3.826956733793881722e+04 3.201891833817586303e+03
3.829519261349982116e+04 3.123896819067187607e+03
3.823981996071280446e+04 3.077898404908366501e+03
3.818632330191927031e+04 2.952904568958561867e+03
3.809545100835361518e+04 2.957402592570520937e+03
3.802282860406883992e+04 2.928402866515330970e+03
3.791795630480768159e+04 2.964898760076146573e+03
3.782483428782678675e+04 2.952397710931021720e+03
3.774958723827870563e+04 2.905898939390666783e+03
3.766146525630226824e+04 2.880398714709561318e+03
3.757096830770361703e+04 2.857398276738822460e+03
3.752722080938622821e+04 2.772402335972059518e+03
3.749759752140636556e+04 2.712905158202629536e+03
3.746984857340948656e+04 2.698405449036508799e+03
3.740335108506947290e+04 2.661906285920180380e+03
3.729072909312590491e+04 2.691402407425455749e+03
3.716348318737396039e+04 2.676400840728543699e+03
3.710936038947664201e+04 2.635902126579079777e+03
3.701411316144559532e+04 2.645399723611772060e+03
3.693974096800840925e+04 2.602900733896531165e+03
3.682236973519693129e+04 2.588399293789174408e+03
3.668624883270321880e+04 2.593396405426319689e+03
3.655537845162767917e+04 2.544896627477835864e+03
3.651000621503777802e+04 2.444401493672747165e+03
3.642288440930983052e+04 2.402402207428123802e+03
3.635363726329174824e+04 2.348403921895660460e+03
3.619214118699717801e+04 2.418896807010285556e+03
3.608689458133373410e+04 2.404895570423454046e+03
3.603939755681261886e+04 2.292900986940134317e+03
3.591202548468508758e+04 2.359894678403157741e+03
3.580902852550614625e+04 2.362892206850461662e+03
3.578715581491217017e+04 2.240898591923061758e+03
3.575353070644312538e+04 2.322893196172080934e+03
3.573565554668346886e+04 2.374389887122437358e+03
3.567153340961923823e+04 2.305892315542791039e+03
3.560953440647583921e+04 2.366887488228734583e+03
3.557566115797986276e+04 2.311889795755501837e+03
3.550016246805735864e+04 2.382384142553433776e+03
3.543128893606516067e+04 2.424380236173514277e+03
3.536566607304383069e+04 2.411379483557771891e+03
3.533641593750566244e+04 2.485874650745652616e+03
3.528829088907840196e+04 2.592867622144520283e+03
3.523116713931679260e+04 2.625864514380693436e+03
3.511304525503667537e+04 2.652860387591179460e+03
3.506379740279843099e+04 2.604361994395498186e+03
3.505004703727876768e+04 2.661358500751666725e+03
3.499404874543787446e+04 2.657857460763305426e+03
3.487542646531062201e+04 2.714851697663310915e+03
3.475867806358204689e+04 2.850341614418197423e+03
3.469480348956421949e+04 2.954834452918730676e+03
3.461093169889599085e+04 2.902335508590564132e+03
3.453143488115863875e+04 2.842837061464320868e+03
3.447006244023772888e+04 2.790338578720577061e+03
3.444318869453994557e+04 2.759339692594483495e+03
3.436969120335218031e+04 2.734839413370005786e+03
3.431694242652144749e+04 2.760336868545040488e+03
3.423206926717865281e+04 2.807332420188933611e+03
3.410507396323652938e+04 2.740833239373285323e+03
3.399995236998773180e+04 2.722331940510310233e+03
3.391570373420347460e+04 2.801325785221531987e+03
3.376420799717528280e+04 2.818321549958083779e+03
3.368271005763381254e+04 2.843318416959140450e+03
3.362108686104172375e+04 2.844816988856066018e+03
3.352371542205975857e+04 2.798317332612350583e+03
3.336996826914045960e+04 2.917307610822841525e+03
3.320272196795709897e+04 3.011298675645608455e+03
3.315372498678613920e+04 2.904803138261195272e+03
3.311235233969474211e+04 2.831306031726766378e+03
3.303510605314513668e+04 2.737809092897921801e+03
3.297848331467632670e+04 2.701809594787191600e+03
3.287235996809939388e+04 2.812301182857248932e+03
3.275511386309878435e+04 2.792799323091749102e+03
3.271523874933959451e+04 2.882793606387451291e+03
3.271098786565486807e+04 2.950290001619141549e+03
3.272111060169152915e+04 3.084283192814327776e+03
3.259286367345333565e+04 3.138277324087452143e+03
3.246311725014948752e+04 3.163772894460242242e+03
3.242236847270547878e+04 3.163771894360892475e+03
3.224249895639892202e+04 3.164767570162657648e+03
3.213912676764908247e+04 3.185264067164622247e+03
3.203688180622633081e+04 3.059768027495592833e+03
3.190438572524441406e+04 3.066264518802519888e+03
3.173838997132726945e+04 3.119257858381606638e+03
3.166339102334063500e+04 3.198752060474827886e+03
3.163264054649905302e+04 3.288746766889002174e+03
3.163601399689388927e+04 3.382242128638550639e+03
3.152414027156669181e+04 3.516732753848191351e+03
3.153026337963959668e+04 3.626227396759670228e+03
3.158476009928563144e+04 3.730723389419727027e+03
3.164963169539254159e+04 3.824220135922078043e+03
3.166575471961277071e+04 3.921215576026123017e+03
3.165425276968616527e+04 4.068707877019885927e+03
3.156625214591540862e+04 4.274695525524206460e+03
3.154462576747639105e+04 4.404188539047259837e+03
3.147225242638716009e+04 4.434185479518026114e+03
3.145637665749050211e+04 4.514681088751181960e+03
3.138550296532816719e+04 4.563177135560195893e+03
3.135612758658314124e+04 4.642172557351179421e+03
3.128300378635199741e+04 4.712668058109935373e+03
3.118225655058829580e+04 4.725665425773710012e+03
3.109350935267680325e+04 4.710664205265231431e+03
3.103188569450040814e+04 4.748661363297607750e+03
3.095263647827482782e+04 4.866155031344853342e+03
3.083901415622129571e+04 4.918150617993436754e+03
3.083188852551311720e+04 4.983647853154223412e+03
3.073276572029897943e+04 5.039643567815888673e+03
3.074551679427339695e+04 4.926648346500005573e+03
3.076101744899526238e+04 4.840152102895546705e+03
3.063364595384814311e+04 4.876147985262330621e+03
3.073301936087210197e+04 4.756154876693617553e+03
3.066177205468388274e+04 4.713655040740501136e+03
3.067264821169513743e+04 4.606159904087428004e+03
3.062215073535928968e+04 4.559660978685598820e+03
3.057377546977577731e+04 4.687154101295862347e+03
3.054477612837415654e+04 4.711152484524529427e+03
3.054377683682891075e+04 4.660654431208036840e+03
3.052740309540275484e+04 4.613656186989042908e+03
3.044853241676895414e+04 4.516659054409712553e+03
3.036653558152937330e+04 4.496658106619492173e+03
3.029703979543480091e+04 4.385161841853987426e+03
3.024104188824747689e+04 4.377160893450491130e+03
3.017016734984726645e+04 4.498153447425924242e+03
3.007529642841720488e+04 4.449653554081451148e+03
2.997329976088274270e+04 4.461650591635610908e+03
2.986605299504916184e+04 4.490646740412339568e+03
2.983992763136397116e+04 4.568142474811058491e+03
2.977667881179612596e+04 4.628138202090281993e+03
2.972580583663191646e+04 4.612137766967061907e+03
2.963343431725830305e+04 4.593636506569571793e+03
2.955143632805789821e+04 4.647132319125346839e+03
2.942081470245495439e+04 4.730626226112712175e+03
2.927856888401659671e+04 4.784620972831733525e+03
2.913494639040192124e+04 4.957111371718812734e+03
2.913069439122185577e+04 5.111105587634723634e+03
2.910856780926242936e+04 5.276598983971402049e+03
2.902094487684557680e+04 5.342594653246458620e+03
2.891344785539037548e+04 5.392090491650160402e+03
2.877295182610442862e+04 5.448585448198020458e+03
2.866370440005103592e+04 5.528080227271653712e+03
2.878407281512161717e+04 5.701576456814538687e+03
2.879682065800600685e+04 5.824572248188778758e+03
2.874019657324964646e+04 5.893568561604712158e+03
2.875219495709147304e+04 5.977065776613075286e+03
2.875244352023722604e+04 6.078562086766120046e+03
2.891631121666776016e+04 6.205560737194493413e+03
2.908680430182081182e+04 6.291060997274704278e+03
2.909792690638313070e+04 6.436555830673314631e+03
2.905442600947816391e+04 6.603548799006734043e+03
2.900767567449377384e+04 6.737542951835785061e+03
2.906417147727997508e+04 6.903537897980306298e+03
2.897592344432405662e+04 6.969033825319260359e+03
2.887504877282807138e+04 7.180524174131453037e+03
2.886267238990962505e+04 7.307019313018303365e+03
2.878829777315480169e+04 7.456512889678124338e+03
2.873029805178695824e+04 7.578508081684820354e+03
2.866204931261087768e+04 7.652504583966918290e+03
2.853680275925656315e+04 7.705000797254499048e+03
2.848867828780959826e+04 7.783497554139699787e+03
2.848430296869052108e+04 7.820996316523756832e+03
2.835930555546237156e+04 7.936490632173139602e+03
2.831767976784741040e+04 8.101484940485097468e+03
2.815543200151948258e+04 8.339975009043700993e+03
2.787106283834378701e+04 8.582963101214729249e+03
2.757094626517221332e+04 8.628956937995739281e+03
2.750544802991207689e+04 8.646455406500957906e+03
2.754369521277409513e+04 8.772452303600963205e+03
2.745182162746461108e+04 8.875447839561849833e+03
2.740657190304121468e+04 8.959944653838407248e+03
2.745319426377827767e+04 9.055442560609895736e+03
2.751681604346085805e+04 9.155940579316578805e+03
2.762456170499254949e+04 9.243439653279725462e+03
2.777655679930315819e+04 9.270441180897876620e+03
2.792217695283971261e+04 9.310442191774956882e+03
2.808441841084882617e+04 9.572436786826234311e+03
2.811916478451446164e+04 9.763431523339357227e+03
2.806929002386541106e+04 9.873427523732185364e+03
2.810753866841108538e+04 9.880927807030733675e+03
2.825740759003756102e+04 9.965927363540977240e+03
2.840002629166003317e+04 1.008342580129252747e+04
2.844289585663797334e+04 1.033891867374815047e+04
2.842914479874190874e+04 1.043141570558631793e+04
2.846526815530657768e+04 1.045791537567414343e+04
2.849613991342321970e+04 1.059191175949387252e+04
2.859901139860309195e+04 1.059841294357413426e+04
2.861975568944390398e+04 1.090140407144231722e+04
2.837088685942324810e+04 1.102789694087347016e+04
2.838775991966645233e+04 1.111089468320319429e+04
2.834126003263052553e+04 1.119689145412947983e+04
2.841963146937789861e+04 1.125589073630003259e+04
2.853362648228870239e+04 1.132938999689463526e+04
2.852337431032105815e+04 1.148088527233852074e+04
2.854187076254922431e+04 1.165688021156145260e+04
2.852961673793569207e+04 1.192637189728626981e+04
2.844786496549425647e+04 1.219586273677321151e+04
2.829024165841157082e+04 1.240885435005743057e+04
2.838273653618956450e+04 1.253385172482021153e+04
2.835848501243744977e+04 1.267484718831954524e+04
2.828198399220639840e+04 1.288883982408978045e+04
2.822773329699260648e+04 1.303633493305509910e+04
2.829935110151255503e+04 1.332082760849641636e+04
2.820222580235882197e+04 1.352782054914208129e+04
2.821209735960536636e+04 1.371131542547559366e+04
2.820621962205355521e+04 1.388581036958331242e+04
2.831533780450280756e+04 1.407580612227413803e+04
2.829845897445583250e+04 1.433429852337576449e+04
2.816033564233582001e+04 1.450429213585006073e+04
2.817770775213860907e+04 1.464228837842633948e+04
2.824320210239756852e+04 1.484728319756546989e+04
2.822119941735756584e+04 1.504777722358703613e+04
2.820282240006723441e+04 1.520277257738541812e+04
2.818432029343151953e+04 1.536526775289839134e+04
2.814856708901037928e+04 1.562275997775187716e+04
2.811331420350563712e+04 1.588075240612542257e+04
2.804006358298799023e+04 1.607524629782419652e+04
2.800218620608130004e+04 1.631023944218782708e+04
2.790268644035514444e+04 1.650923297304427251e+04
2.790018411493138410e+04 1.666422867303108796e+04
2.795742983834433835e+04 1.681822492761118338e+04
2.796105050559749361e+04 1.708921749315457419e+04
2.795329746642883401e+04 1.730171151856286451e+04
2.791454434870812111e+04 1.758520332537917420e+04
2.788529121287190355e+04 1.785069572932878509e+04
2.779329011489939876e+04 1.811868745840387419e+04
2.775153666076005902e+04 1.843367835486680269e+04
2.761553753959108144e+04 1.877966744507942349e+04
2.752103911669144873e+04 1.892966237921966240e+04
2.752453688712453004e+04 1.912915688290400431e+04
2.708729735040827654e+04 1.951614212128007784e+04
2.693854977090912871e+04 1.975013428162224591e+04
2.683267452589375898e+04 2.009662380614737049e+04
2.679104596877307631e+04 2.054961094518611208e+04
2.670666966646432411e+04 2.092209997474355623e+04
2.672329170177888591e+04 2.114609394987951964e+04
2.664429204879840836e+04 2.141358566776150838e+04
2.649454456230835058e+04 2.171757570252101868e+04
2.647266846676275600e+04 2.195056887904135510e+04
2.645541556110559031e+04 2.239605600403854623e+04
2.646528746454033535e+04 2.275104594964534044e+04
2.650265982975682709e+04 2.293654094768362120e+04
2.649965837784286123e+04 2.313553520938195288e+04
2.651665533500537276e+04 2.345302623874321580e+04
2.645340436137758661e+04 2.383951473548123613e+04
2.635915538632706739e+04 2.414300456672068685e+04
2.630528003608016297e+04 2.451449191988073289e+04
2.619128163821785711e+04 2.487797924780612811e+04
2.607215965461998712e+04 2.501297415386419743e+04
2.571391934776527341e+04 2.531096251568756998e+04
2.543167697271937504e+04 2.555445331162679940e+04
2.511743545836838894e+04 2.581144375587999821e+04
2.470819566378556192e+04 2.597543677244847640e+04
2.422570717195305042e+04 2.622892706141620874e+04
2.371184444902755786e+04 2.646791810280224308e+04
2.331647957079496700e+04 2.653041492461366579e+04
2.298361293759208638e+04 2.660641166399652138e+04
2.236412876408570446e+04 2.664890780727518722e+04
2.185864148829272017e+04 2.657840569047490135e+04
2.157802415924204979e+04 2.646890635478962213e+04
2.134715673228725791e+04 2.621841097862459719e+04
2.117828653906937689e+04 2.613391177949588746e+04
2.087017020992061589e+04 2.599241284292144701e+04
2.078279857168986928e+04 2.584841577364690602e+04
2.065930273065657821e+04 2.571041818478330970e+04
2.064318066807033028e+04 2.540542574278404936e+04
2.051880943241110072e+04 2.532692663951218128e+04
2.045331227418105118e+04 2.518392963109025732e+04
2.040018957560148556e+04 2.507243194310646504e+04
2.034581656054803170e+04 2.500043325460795313e+04
2.024244498724385630e+04 2.490143476943206042e+04
2.004907616881176364e+04 2.475543661681888625e+04
1.992070561291160993e+04 2.461493881812645122e+04
1.988658318582421634e+04 2.441294337377138436e+04
1.973346109497849829e+04 2.449843940266221762e+04
1.960308957113570068e+04 2.445693881978886202e+04
1.948009297198883723e+04 2.440793853059737012e+04
1.927897280686383601e+04 2.440143623102130368e+04
1.911210346619249322e+04 2.422593853348633274e+04
1.900748107636475470e+04 2.421493755638739094e+04
1.872823780684592202e+04 2.421493413297040388e+04
1.853474309129593894e+04 2.414943339746212587e+04
1.837024717863241676e+04 2.413993164617102593e+04
1.816200072888808791e+04 2.428292550043342635e+04
1.797612857801106293e+04 2.443591934777423739e+04
1.784237983416835777e+04 2.461791307503171265e+04
1.769950679959624540e+04 2.475090793631598353e+04
1.751213611528766342e+04 2.476240530886454508e+04
1.732376475468103308e+04 2.483790103695495054e+04
1.723101627479528543e+04 2.492689725959626958e+04
1.709451829639344942e+04 2.508039100273465738e+04
1.696514541018486489e+04 2.520588546532392502e+04
1.682514973828056827e+04 2.515538445017486811e+04
1.667652759431512095e+04 2.526487878536386415e+04
1.655465549145487603e+04 2.530337556993635371e+04
1.643678232418210246e+04 2.542886976326769218e+04
1.631616019160754513e+04 2.546936636182246730e+04
1.621403643452911638e+04 2.560986019858298823e+04
1.607891532363032456e+04 2.559135816887766123e+04
1.596054264521354344e+04 2.567635326340654865e+04
1.585691923920810223e+04 2.579284752451255918e+04
1.564117427557159681e+04 2.587284058383805677e+04
1.537642979205038864e+04 2.603682960000913590e+04
1.509281204965047073e+04 2.608532191567821428e+04
1.471857192311831750e+04 2.612181253948481753e+04
1.435970597720949445e+04 2.618530611412785947e+04
1.401234009642479941e+04 2.621430103201325983e+04
1.377847102522919886e+04 2.625929642348689958e+04
1.333648209378367756e+04 2.638978522820724174e+04
1.291336672893981449e+04 2.664026933402242139e+04
1.268862137149320915e+04 2.679726080912817270e+04
1.253174933132494334e+04 2.693375382549874485e+04
1.239950212121172808e+04 2.701724900184338912e+04
1.219250583408004604e+04 2.720623927006637678e+04
1.186913487464154605e+04 2.747622942837048322e+04
1.129314221249276306e+04 2.779671979405079037e+04
1.095477226353646256e+04 2.792221556446235627e+04
1.042540692415589001e+04 2.793621653179172426e+04
1.008803976709244307e+04 2.774322748184297234e+04
9.875669253950007260e+03 2.767273221187619492e+04
9.630172489571268670e+03 2.783072463253792375e+04
9.398049668715219013e+03 2.782023151356540620e+04
9.369549223011708818e+03 2.785123178444430232e+04
9.063045438616769388e+03 2.812823633164027706e+04
8.847543422183603980e+03 2.844372958568343893e+04
8.757417548897210509e+03 2.886020636818697676e+04
8.587668268379056826e+03 2.929118516777781770e+04
8.306799375884700567e+03 2.965817245866172016e+04
8.038805569680174813e+03 2.993516192743740976e+04
7.839560090726241469e+03 3.009365589790698141e+04
7.667314639241783880e+03 3.024164863321324810e+04
7.548818025440326892e+03 3.034414296555425972e+04
7.097827392362640239e+03 3.050463878866983578e+04
6.796083157551474869e+03 3.066163368719257414e+04
6.610579043223406188e+03 3.088613775144610554e+04
6.482577870159759186e+03 3.109463418755447492e+04
6.375577321085147560e+03 3.127912962479004636e+04
6.296951743714860640e+03 3.140662686319323257e+04
6.154699347700225189e+03 3.158162747290218249e+04
6.045075615045847371e+03 3.182111571751069278e+04
5.937198978968779556e+03 3.195111566599179059e+04
5.785567459225538187e+03 3.214112407378526405e+04
5.575934064054279588e+03 3.234963735772063956e+04
5.231297415842418559e+03 3.265065705904131755e+04
5.043167579220957123e+03 3.283866342186275870e+04
4.728536410789587535e+03 3.313667105483030900e+04
4.489031010631239042e+03 3.325368405975960195e+04
4.406281985308625735e+03 3.340817674825480208e+04
4.327784420651150867e+03 3.360416417288873345e+04
4.143655635211733170e+03 3.377316837941529229e+04
3.969142496989574283e+03 3.399368539387732744e+04
3.775503113226615824e+03 3.422370454428391531e+04
3.646869338879128918e+03 3.439021492623072118e+04
3.415352270486764610e+03 3.462623948071338236e+04
3.474860449348692782e+03 3.468471917282324284e+04
3.494115361513104290e+03 3.487170235711149871e+04
3.353478587480960414e+03 3.502522252595098689e+04
3.241844924455392174e+03 3.515323708495916799e+04
3.117836840244592167e+03 3.533974887628061697e+04
2.945324554568971507e+03 3.549877105305157602e+04
2.735809863493777812e+03 3.565179913456132635e+04
2.517548765369807370e+03 3.590381746966019273e+04
2.430055999725591391e+03 3.634029127648752183e+04
2.711699776864494197e+03 3.625525048511289060e+04
2.789336025217315182e+03 3.645521988211106509e+04
2.755840275748516433e+03 3.670370402008295059e+04
2.743096164003945887e+03 3.695168460804782808e+04
2.776477786754374392e+03 3.712216499963263050e+04
2.763358137716073543e+03 3.735364710301440209e+04
2.774364730757428333e+03 3.752413095648121089e+04
2.777123543190769851e+03 3.771111441002693027e+04
2.796885313382605091e+03 3.794459178847866133e+04
2.749265969021827914e+03 3.811558288462646306e+04
2.625895871245069429e+03 3.833907777173770592e+04
2.510150838389643468e+03 3.854407224468886852e+04
2.426032677101087756e+03 3.875056213537743315e+04
2.219661605904344469e+03 3.897956137680681422e+04
2.008284729899372905e+03 3.908657146529015154e+04
1.697537754891323857e+03 3.932557531564077362e+04
1.559295603279373609e+03 3.953056471116468310e+04
1.515934643348213285e+03 3.978353944893414155e+04
1.575952719000750221e+03 4.005950339278997853e+04
1.616336267866892740e+03 4.025448417899571359e+04
1.672208662589779124e+03 4.047947944587562233e+04
1.652079509760136716e+03 4.068548044185945764e+04
1.510200035394867882e+03 4.071749131309892982e+04
1.502323330099112354e+03 4.079649181231716648e+04
1.542198213066090830e+03 4.086448860339587554e+04
1.710451652727788314e+03 4.094947508168453351e+04
1.739701788265956566e+03 4.099147259852290154e+04
1.818950812164694071e+03 4.120246535945869982e+04
1.885574889999115840e+03 4.140095891758706421e+04
1.898569218899938278e+03 4.180345577331213281e+04
1.914939113790285774e+03 4.218645230788644403e+04
1.938311011726967990e+03 4.246194858991494402e+04
1.946805970728048123e+03 4.283594561538239941e+04
1.970800930539728142e+03 4.311344436550280079e+04
2.120550571089843288e+03 4.338193283621594310e+04
2.325179123086854815e+03 4.364641452440852299e+04
2.475307378159486689e+03 4.384240029503265396e+04
2.565432289811898954e+03 4.405839216780429706e+04
2.660681325714802369e+03 4.434488338787108660e+04
2.766057328843860887e+03 4.459737261588731781e+04
2.809303008096059784e+03 4.493186898785922676e+04
2.851677100792760029e+03 4.511436453418200836e+04
3.024310244624386542e+03 4.531684379581455141e+04
3.124188432546216063e+03 4.553783143393602222e+04
3.153434721548575908e+03 4.582332867067679763e+04
3.240935487987357192e+03 4.601082009774539620e+04
3.362188644765876234e+03 4.622580690916860476e+04
3.427063625824288465e+03 4.641080043432954699e+04
3.615699628096655942e+03 4.660027632770175114e+04
3.658824910777038895e+03 4.673627156386990100e+04
3.847087529815617017e+03 4.691674606333300471e+04
3.717572206384968013e+03 4.705576590756047517e+04
3.772074734300025739e+03 4.716325877475691959e+04
3.927712959633092396e+03 4.723523623037757352e+04
3.934460091214859858e+03 4.739773613712983206e+04
3.954709602150949650e+03 4.751323368386970833e+04
4.027211725260014646e+03 4.756022796615678817e+04
4.082460019543301314e+03 4.765722640655841678e+04
4.133085547057096846e+03 4.765222440982097760e+04
4.216461788513464853e+03 4.762222104563470930e+04
4.234709331407444552e+03 4.775372087383503094e+04
4.210581281455815770e+03 4.789572243724763393e+04
4.338081789414864033e+03 4.793771737690689042e+04
4.321704355314257555e+03 4.805771844780491665e+04
4.296825307705672458e+03 4.825672021024813876e+04
4.505951806384255178e+03 4.833621114278584719e+04
4.582824594304081984e+03 4.854270788030838594e+04
4.414684050469193608e+03 4.869922519294172525e+04
4.405426323411636986e+03 4.878823130118055269e+04
4.524799985849298537e+03 4.883672800190048292e+04
4.440907462352886796e+03 4.902224411742016673e+04
4.409770331728970632e+03 4.915575433757575229e+04
4.499656488901935518e+03 4.905274264616426080e+04
4.550279670028947294e+03 4.909174209604039788e+04
4.518891822198987938e+03 4.923725277716666460e+04
4.506760425148066133e+03 4.931025798869784921e+04
4.552627595504047349e+03 4.942426196403754875e+04
4.524616659951279871e+03 4.954577114624110982e+04
4.518857972683617845e+03 4.964877779869036749e+04
4.633619523256202228e+03 4.955976461282605305e+04
4.724627099487232044e+03 4.950575540313171223e+04
4.844012263067066669e+03 4.942824328249040991e+04
4.894516701632761396e+03 4.939223805304151028e+04
5.013646339836879633e+03 4.938372997735301033e+04
5.187277082737884484e+03 4.938421891052369028e+04
5.469530574272386730e+03 4.947620473774895072e+04
5.542407119179842994e+03 4.949270064515294507e+04
5.592278264085296541e+03 4.958370091296592727e+04
5.530758462376426905e+03 4.986471639694133773e+04
5.617891769246663898e+03 4.978870707938633859e+04
5.648892809432698414e+03 4.979220496521517634e+04
5.690650533226784319e+03 4.969119824214419350e+04
5.796912355093867518e+03 4.955718616445781663e+04
5.995425299762864597e+03 4.944966956413537264e+04
6.341804736432037316e+03 4.960615091165853664e+04
6.451551288975751959e+03 4.977464714466221631e+04
6.597173635037615895e+03 4.990164267939655110e+04
6.671541404958697967e+03 5.003114504000172019e+04
6.587287730212439783e+03 5.016014788946276531e+04
6.683159366406034678e+03 5.019164805613877252e+04
6.785904569814447314e+03 5.025664874198846519e+04
6.905654769645305350e+03 5.019164701757440343e+04
6.923402685999404639e+03 5.023514764522155747e+04
7.112524159559747204e+03 5.022664653176348656e+04
7.179265825994778425e+03 5.041264869555179030e+04
7.117513578125275671e+03 5.050165038027428091e+04
7.230764132490032353e+03 5.043164858239004388e+04
7.449011536946403794e+03 5.039014657629840076e+04
7.474127646558685228e+03 5.063214883979968727e+04
7.272624135672114789e+03 5.082065309821953997e+04
7.213244738830020651e+03 5.096265562326647341e+04
7.141989854966290295e+03 5.111815868132980540e+04
7.143733335800003260e+03 5.129016099328408018e+04
7.162221710302750580e+03 5.144216505002323538e+04
7.157463699333253317e+03 5.151766827885806561e+04
7.176204175794846378e+03 5.160567147980816662e+04
7.259204456838429905e+03 5.159916918023210019e+04
7.297448793263989501e+03 5.165167024015495554e+04
7.377691877419129014e+03 5.171517046930501238e+04
7.484824170346255414e+03 5.164016509760357440e+04
7.636568893639254384e+03 5.168666263825306669e+04
7.791561324070557021e+03 5.175866036511771381e+04
7.933312785723130219e+03 5.173915600510407239e+04
8.025689382523996755e+03 5.171915309558063745e+04
8.125441288674366660e+03 5.169415003565652296e+04
8.170943884363863617e+03 5.166364839121839032e+04
8.268683167567942291e+03 5.177964737236965448e+04
8.306946852068766020e+03 5.162314452271116897e+04
8.466078270457219332e+03 5.153864009229373187e+04
8.628083474235259928e+03 5.146313636340945959e+04
