-5.089637487785087433e+04 7.191558397867111489e+04
-5.078375156204414088e+04 7.189258452122239396e+04
-5.065887925254320726e+04 7.159061949426634237e+04
-5.033076032300526276e+04 7.106167918532574549e+04
-4.999189057833526749e+04 7.079570644410047680e+04
-4.962789563713257667e+04 7.068271437339903787e+04
-4.947977260320400819e+04 7.067071332456730306e+04
-4.915452679305791389e+04 7.071320229595806450e+04
-4.894065457611379679e+04 7.071969773582462221e+04
-4.872065749497304205e+04 7.070569571892591193e+04
-4.841816166412876919e+04 7.057170787403360009e+04
-4.801529215004062280e+04 7.049671340143587440e+04
-4.774017087586654816e+04 7.048571285260934383e+04
-4.755317339682625607e+04 7.050920839144382626e+04
-4.733242634796036873e+04 7.053820292695472017e+04
-4.697905601341871079e+04 7.061968932564230636e+04
-4.678143370411335491e+04 7.060418989682383835e+04
-4.669306007945502643e+04 7.048970482239499688e+04
-4.668356039243831765e+04 7.038771866701496765e+04
-4.660056182396830991e+04 7.017924654990434647e+04
-4.620156720701407176e+04 7.021473930435953662e+04
-4.610694340410409495e+04 7.027073098497791216e+04
-4.607156887226365507e+04 7.028572867842437699e+04
-4.599144495646981522e+04 7.027522964136581868e+04
-4.595407063846918754e+04 7.017924278058018535e+04
-4.586569694992399309e+04 7.011925060128234327e+04
-4.576194837997306604e+04 7.009875288896961138e+04
-4.553482609434763435e+04 7.011424985814467072e+04
-4.542057746514852624e+04 7.006075707969767973e+04
-4.525420406660903245e+04 7.017324070690851659e+04
-4.524920373873587232e+04 7.034871584127936512e+04
-4.512833010713953990e+04 7.032221915380703285e+04
-4.498858148920559324e+04 7.038071031157812104e+04
-4.492970723394199740e+04 7.034371535368915647e+04
-4.473670931034442037e+04 7.034021515292720869e+04
-4.456183627758547664e+04 7.031871761142089963e+04
-4.451671194171288516e+04 7.026322546207858250e+04
-4.434883879938349128e+04 7.024722723668301478e+04
-4.427696465634100605e+04 7.023172924531856552e+04
-4.421421547200006898e+04 7.018823536572977901e+04
-4.409021671933447942e+04 7.022822917232988402e+04
-4.394696802841208410e+04 7.030471751112770289e+04
-4.379821947834093589e+04 7.035470964160468429e+04
-4.374547024699114263e+04 7.029871770543884486e+04
-4.368347087065828964e+04 7.031871454485226423e+04
-4.363859649208409246e+04 7.027972012023720890e+04
-4.351009796501044184e+04 7.025472340015880764e+04
-4.333110010976262856e+04 7.021022943582944572e+04
-4.311035309284005780e+04 7.006674944256851450e+04
-4.298785315760516096e+04 7.007024858919763938e+04
-4.287072795912437141e+04 7.005074891724670306e+04
-4.275322764900722541e+04 7.010874226868711412e+04
-4.271597749509837013e+04 7.012823916156031191e+04
-4.253585229250590783e+04 7.002924802168086171e+04
-4.241597708459210116e+04 7.004574644916411489e+04
-4.231510157014604192e+04 6.994875075113913044e+04
-4.210135086598945782e+04 6.991225123576773331e+04
-4.207585078142443672e+04 6.990675134467519820e+04
-4.201747561022848822e+04 6.991075078922230750e+04
-4.188622470990847796e+04 6.981525467527052388e+04
-4.169709951129194815e+04 6.988025021706707776e+04
-4.151647423438564874e+04 6.991474735886091366e+04
-4.143209906402800698e+04 6.992424637506576255e+04
-4.134822329717222601e+04 6.986524865846568719e+04
-4.122097318302304484e+04 6.989674634462315589e+04
-4.102009852198767476e+04 6.998524084320059046e+04
-4.091047354379761964e+04 7.001223888272373006e+04
-4.083309775277459994e+04 6.995874089749902487e+04
-4.074684699229197577e+04 6.991574236459704116e+04
-4.056084656336705666e+04 6.992524070998979732e+04
-4.045771970829111524e+04 6.984974293679231778e+04
-4.015008986634132452e+04 6.993723093000054359e+04
-3.994646043630281929e+04 6.989522775421291590e+04
-3.980083132137125358e+04 6.977223014042107388e+04
-3.968607881659083068e+04 6.973822901612566784e+04
-3.938157192355731968e+04 6.960122861879272386e+04
-3.921956851329130586e+04 6.953772809315938503e+04
-3.910506641301710624e+04 6.952972585000609979e+04
-3.902969015260704327e+04 6.954122343852091581e+04
-3.884218605085089803e+04 6.941972569629270583e+04
-3.857443128179176711e+04 6.938972126941010356e+04
-3.833167684241803363e+04 6.932071973466454074e+04
-3.822717495068232529e+04 6.928721935549518093e+04
-3.795867040555842686e+04 6.924821573117375374e+04
-3.780341753534867894e+04 6.924421366726607084e+04
-3.769641546370449942e+04 6.927371099228179082e+04
-3.750616157611948438e+04 6.924221126174507663e+04
-3.724765634511807002e+04 6.919321209262544289e+04
-3.706977769164170604e+04 6.913171445166412741e+04
-3.697440072666399647e+04 6.907421727743977681e+04
-3.676689649532188196e+04 6.893922414102870971e+04
-3.661889360061357729e+04 6.893222345201345161e+04
-3.623688611359684728e+04 6.890622230288852006e+04
-3.601625680819444824e+04 6.893021909794351086e+04
-3.546187091017118655e+04 6.898771112927654758e+04
-3.508161465752706863e+04 6.914970319962687790e+04
-3.488698710817471147e+04 6.923120196042023599e+04
-3.446873172414267901e+04 6.919821299548028037e+04
-3.424235378419980407e+04 6.917271945931715891e+04
-3.380122294709365815e+04 6.909223381618177518e+04
-3.349621882271126378e+04 6.903024402287648991e+04
-3.294046117820090149e+04 6.891826225881138816e+04
-3.274408335277857259e+04 6.885277015647804365e+04
-3.230083383608539589e+04 6.875528891839785501e+04
-3.200383511725533754e+04 6.877379693867266178e+04
-3.174283596725692041e+04 6.872180792888719589e+04
-3.152121133668406401e+04 6.861982046382687986e+04
-3.129821192499867175e+04 6.856333040189649910e+04
-3.105708765441807918e+04 6.853083949883468449e+04
-3.082858822386688553e+04 6.848484888922749087e+04
-3.061146311215462629e+04 6.833586357449274510e+04
-3.031933880021760706e+04 6.828637490433268249e+04
-3.005859078942413907e+04 6.830838140042452142e+04
-2.970173172180994879e+04 6.840638625512225553e+04
-2.934487268613907509e+04 6.856688720640726388e+04
-2.896013978612644132e+04 6.887987935911910608e+04
-2.881539633458841126e+04 6.913686775659862906e+04
-2.881564670715120155e+04 6.930335778058134019e+04
-2.884414608763565775e+04 6.950684493460645899e+04
-2.886702067823719699e+04 6.970783238787436858e+04
-2.868940281088021584e+04 6.993332268393132836e+04
-2.848728618949232623e+04 7.052428220607154071e+04
-2.832754220154264476e+04 7.079976095911161974e+04
-2.834154242960957345e+04 7.122472203463176265e+04
-2.838829128028894775e+04 7.140720389532530680e+04
-2.817342335485329386e+04 7.169318590195570141e+04
-2.801142840959480964e+04 7.189017493286635727e+04
-2.789293194377829786e+04 7.211016096158232540e+04
-2.781043434403801803e+04 7.211766383317718282e+04
-2.768543799821881112e+04 7.212366865398362279e+04
-2.758456586977583356e+04 7.218466800946276635e+04
-2.752294291475974023e+04 7.228166169505147263e+04
-2.742307349041826092e+04 7.231665491823107004e+04
-2.725283327643130906e+04 7.221415750833926722e+04
-2.717058812557638157e+04 7.213816154548991472e+04
-2.706496904450503644e+04 7.217465454440284520e+04
-2.693085173291247338e+04 7.215865149555029348e+04
-2.687285553850722499e+04 7.203816163225844502e+04
-2.675223815706383903e+04 7.189267306839535013e+04
-2.665074479289713781e+04 7.175068556776735932e+04
-2.645638163927104324e+04 7.169068802197417244e+04
-2.634351357294421177e+04 7.165668964481353760e+04
-2.623789529045834206e+04 7.159369510302739218e+04
-2.623764625951938797e+04 7.146471036508632824e+04
-2.615927648494986352e+04 7.139871723013604060e+04
-2.610290560393710621e+04 7.130922750221844763e+04
-2.602753554055141285e+04 7.127273137285001576e+04
-2.596204059525311459e+04 7.115174609898403287e+04
-2.602141294433805160e+04 7.102426219090959057e+04
-2.600254028987046331e+04 7.088677932009007782e+04
-2.594879397646174766e+04 7.085378364703059196e+04
-2.595291978919680696e+04 7.072629967506928369e+04
-2.586717577920365147e+04 7.067280721605662256e+04
-2.583155397331260610e+04 7.057182063432317227e+04
-2.577480884313595016e+04 7.044433800398511812e+04
-2.569818966407061089e+04 7.036384993314975873e+04
-2.561794605626445264e+04 7.024536477530561388e+04
-2.555207615904696286e+04 7.015287322793807834e+04
-2.544858348787133582e+04 7.010287924474291503e+04
-2.542421151729312260e+04 6.993639273453643546e+04
-2.529384675951790996e+04 6.976790880198311061e+04
-2.524747583149618004e+04 6.966541794049320742e+04
-2.521597913558478467e+04 6.953392906165914610e+04
-2.512536113396321889e+04 6.944793809704948217e+04
-2.504999170944606885e+04 6.940744319394603372e+04
-2.509748947371763643e+04 6.929595089897792786e+04
-2.503961900863214396e+04 6.923945687606278807e+04
-2.503862029745872132e+04 6.911046721883444116e+04
-2.502687185722950380e+04 6.903397364131500944e+04
-2.503799685763870366e+04 6.895147993867238984e+04
-2.504737228473334108e+04 6.883798875195998698e+04
-2.500075123969616834e+04 6.876799566136812791e+04
-2.497387822673714254e+04 6.875699731663800776e+04
-2.498187842551141512e+04 6.867750345295295119e+04
-2.499837918486434501e+04 6.847551914123026654e+04
-2.485126460485369898e+04 6.825853825408080593e+04
-2.472389230710489210e+04 6.813454282353119925e+04
-2.460689485037955455e+04 6.798354999232711270e+04
-2.438802473326248582e+04 6.756407452918821946e+04
-2.370101478292141110e+04 6.733853686103224754e+04
-2.319676485661626793e+04 6.728551179821044207e+04
-2.296115903625753708e+04 6.766500354887079448e+04
-2.278152113060897682e+04 6.733799513249285519e+04
-2.222227379472309258e+04 6.731397019528085366e+04
-2.179752961505693384e+04 6.736296294377185404e+04
-2.161316302841878496e+04 6.749796342717111111e+04
-2.158528309482627083e+04 6.739995959466230124e+04
-2.146702853656501975e+04 6.729545370999863371e+04
-2.149152256296901032e+04 6.718345067161275074e+04
-2.146526442899217363e+04 6.702144505725055933e+04
-2.088200723319069948e+04 6.676042817865125835e+04
-2.054463975584122818e+04 6.684342502217646688e+04
-2.021026317329029553e+04 6.672941782138124108e+04
-2.020262955725810025e+04 6.653391425554966554e+04
-1.979738827582891099e+04 6.662241057490231469e+04
-1.967038792731740978e+04 6.657740842262934893e+04
-1.949114656734303571e+04 6.670840968508506194e+04
-1.938178477102913894e+04 6.698591214991034940e+04
-1.921629007221641950e+04 6.704841195193445310e+04
-1.940542517329461407e+04 6.737491598163638264e+04
-1.917592789404245559e+04 6.735391410625167191e+04
-1.875580500157177448e+04 6.723641060179192573e+04
-1.838680379101890139e+04 6.704290813180105761e+04
-1.830366815331357066e+04 6.671540769085241482e+04
-1.822203663564729504e+04 6.649640762788383290e+04
-1.790978969109046739e+04 6.641640797201218084e+04
-1.772467719354212750e+04 6.667540698447264731e+04
-1.764118781435152050e+04 6.693990544081712142e+04
-1.758656871074961964e+04 6.708490440780948848e+04
-1.743131401976465713e+04 6.686790524902101606e+04
-1.726419630748615600e+04 6.699990365742240101e+04
-1.711257118813332636e+04 6.691690390704572201e+04
-1.679657283972250298e+04 6.664989916959870607e+04
-1.639070712822710630e+04 6.650239088687859476e+04
-1.611171938998333644e+04 6.658438243888458237e+04
-1.563361410266696475e+04 6.668786792278988287e+04
-1.515638122222269885e+04 6.670935482713533565e+04
-1.447616445640986785e+04 6.704032633644295856e+04
-1.376493436258833390e+04 6.699329804468387738e+04
-1.311657314511993900e+04 6.679927767594857141e+04
-1.264459096511185635e+04 6.692675353428022936e+04
-1.241260583611321636e+04 6.720523365956218913e+04
-1.206274407151108608e+04 6.730471513101039454e+04
-1.159513731015857775e+04 6.765767489671427757e+04
-1.088227120189729612e+04 6.780960357443196699e+04
-1.019952582652808633e+04 6.799151195482164621e+04
-9.696029701159219258e+03 6.803896458303462714e+04
-9.356657614192226902e+03 6.752703251863503829e+04
-8.765019358163815923e+03 6.732195429456885904e+04
-8.466019671266782098e+03 6.741490506060980260e+04
-8.187276843260158785e+03 6.786831469462579116e+04
-7.737013956012204289e+03 6.800620129839004949e+04
-7.093002410799264908e+03 6.805258513155533001e+04
-6.636084302674513310e+03 6.816595378329092637e+04
-6.234926381168887019e+03 6.824075640367995948e+04
-5.631451968267094344e+03 6.814653109499299899e+04
-4.976200649919919670e+03 6.813475454455008730e+04
-4.596053899335791357e+03 6.811559791303705424e+04
-4.087237500751856714e+03 6.807139540051436052e+04
-3.431814901761477813e+03 6.798119381337752566e+04
-2.994558642355026677e+03 6.760363371355226263e+04
-2.933244260821607895e+03 6.707371405115351081e+04
-2.982183376302942634e+03 6.657482477455213666e+04
-3.068709808540763333e+03 6.640788332609087229e+04
-2.857460370368906297e+03 6.628184188724588603e+04
-2.567669142285594717e+03 6.645521798723610118e+04
-2.198664609616505913e+03 6.627464094490138814e+04
-1.615479030973161571e+03 6.644392375056305900e+04
-9.353191563996952027e+02 6.662068361753225327e+04
-4.016980177197838202e+02 6.652305502443388104e+04
-3.377379220350412652e+02 6.612464136254508048e+04
-3.027747895614011213e+02 6.575772835755161941e+04
-3.584392417367780581e+02 6.538334087866824120e+04
-4.949711568028433248e+02 6.510494709646375850e+04
-6.046156524255638942e+02 6.494999845543084666e+04
-5.731375156438443810e+02 6.474102223913464695e+04
-7.365401117989094928e+02 6.453109120193077251e+04
-9.488158922065049410e+02 6.435616408895375207e+04
-1.038840065562864766e+03 6.416620992652280256e+04
-1.115117801361484453e+03 6.394325613004760817e+04
-1.271651475128252059e+03 6.369632074358826503e+04
-1.516220812120009214e+03 6.319493163845594972e+04
-1.923909726523794234e+03 6.287004819451970980e+04
-2.163434462055796757e+03 6.278660190700925887e+04
-2.202335739644244313e+03 6.257362892941385508e+04
-2.321604916904470883e+03 6.246765974840801209e+04
-2.381877591414726339e+03 6.228268451175512746e+04
-2.497263821798027493e+03 6.208670083625055850e+04
-2.715785180604085326e+03 6.173373056116001680e+04
-2.825796003421302885e+03 6.156274491541413590e+04
-3.038811465771403164e+03 6.148727764818677679e+04
-3.265201767819584347e+03 6.146131348954793066e+04
-3.252203573042177595e+03 6.135080837417673320e+04
-3.302586818811018020e+03 6.114381057388987392e+04
-3.516227925077429973e+03 6.106434172190632671e+04
-3.770119982513017021e+03 6.105688114340603352e+04
-3.712749687571427785e+03 6.072436101686861366e+04
-3.800507666605408303e+03 6.064587161417352036e+04
-4.120024870738503523e+03 6.037641611329605803e+04
-4.421143876091111451e+03 6.006546495376247913e+04
-4.694382724247174338e+03 5.985451073672203347e+04
-5.061486048164661042e+03 5.953706870523141697e+04
-5.337217026485945098e+03 5.932712019497435540e+04
-5.664698844418046065e+03 5.913218343327054754e+04
-5.895438659004517831e+03 5.896722758808918297e+04
-6.136806370424805209e+03 5.874677323682373390e+04
-6.486053287988179363e+03 5.837533819285593927e+04
-6.677052767049404792e+03 5.832585859462851658e+04
-6.850812315909890458e+03 5.794585958238365129e+04
-7.390934548442717642e+03 5.787187378730764613e+04
-7.617182861968060024e+03 5.784137912468565628e+04
-7.747681909900740720e+03 5.772787784385122359e+04
-7.776556657568784431e+03 5.761437346450425684e+04
-7.834180838849977590e+03 5.759587384535046294e+04
-8.043302333841565996e+03 5.751587399781821296e+04
-8.291544461919111200e+03 5.720035956034809351e+04
-8.534280533823533915e+03 5.675383143443008885e+04
-8.892390154571621679e+03 5.665782409790903330e+04
-9.127493600690038875e+03 5.639733671351801604e+04
-9.190380173700628802e+03 5.658183190438384190e+04
-9.281888885776745155e+03 5.663084011349268258e+04
-9.323136503740097396e+03 5.653285103884665295e+04
-9.339750949741574004e+03 5.631586625459883362e+04
-9.557390925573185086e+03 5.634639177456917241e+04
-9.717134945466415957e+03 5.609842848064564168e+04
-1.017140424092777539e+04 5.602199313598964363e+04
-1.043954402408492751e+04 5.602752778152795509e+04
-1.049767792659404222e+04 5.609652982736798003e+04
-1.061779494623281062e+04 5.592855919370660558e+04
-1.131807895476697013e+04 5.590965347779402509e+04
-1.147270931151602417e+04 5.588617617865512148e+04
-1.172908500216598623e+04 5.578022086109546944e+04
-1.182156032227363903e+04 5.564325164054520428e+04
-1.221249213134124875e+04 5.538935012785578147e+04
-1.245695148712175433e+04 5.524391078881034628e+04
-1.280717098613723647e+04 5.527497263888129964e+04
-1.284864639266219456e+04 5.509349983903067186e+04
-1.303397607355518267e+04 5.484956084163859487e+04
-1.314556828755582683e+04 5.465160338192107156e+04
-1.321868090911745094e+04 5.460262251638388261e+04
-1.324918927546846680e+04 5.470361724369088188e+04
-1.342142480353626888e+04 5.472014793403306976e+04
-1.362664504806860350e+04 5.462619705130765215e+04
-1.391399624571239110e+04 5.465724784895358607e+04
-1.419058755629137158e+04 5.458680806151079014e+04
-1.450667889201152138e+04 5.428936558462493122e+04
-1.456140922261832748e+04 5.405839031505491585e+04
-1.470131072178285103e+04 5.426086898321844637e+04
-1.450093757251545321e+04 5.438035572714405134e+04
-1.449285652493336238e+04 5.482730726315686479e+04
-1.483850616566697136e+04 5.497979654797818512e+04
-1.502850453779788222e+04 5.489780774310650304e+04
-1.525475799421453848e+04 5.485531516210874543e+04
-1.551088235399883706e+04 5.473082971942424774e+04
-1.564937479675631039e+04 5.453784760782169178e+04
-1.595600381926668342e+04 5.438636182568781078e+04
-1.618713455748464912e+04 5.429036998172756284e+04
-1.651051800208352506e+04 5.410738303160248324e+04
-1.678165986023796722e+04 5.419787747605750337e+04
-1.700054441578302067e+04 5.399438888457836583e+04
-1.715618990262586158e+04 5.370290510219382122e+04
-1.733719706317444798e+04 5.380139795659109950e+04
-1.750758987090131268e+04 5.377039881146280095e+04
-1.779086531115660910e+04 5.391488946273783222e+04
-1.786312456412718166e+04 5.375739761400362477e+04
-1.793375460660760291e+04 5.377039641570579261e+04
-1.811189503644942306e+04 5.383739190337993205e+04
-1.869557171330414712e+04 5.398588167976727709e+04
-1.914959871788916644e+04 5.446335752189997584e+04
-1.939586028974805959e+04 5.468684688183339313e+04
-1.966863266807317268e+04 5.462034856162173674e+04
-1.994389791126234923e+04 5.473384156910935417e+04
-2.034668325442646164e+04 5.460234406555071473e+04
-2.037267849401792046e+04 5.473533843799121678e+04
-2.062994642840663437e+04 5.474283629446849227e+04
-2.097134123691287823e+04 5.481683106564683840e+04
-2.137899194698070642e+04 5.485782684165006503e+04
-2.179850487975659780e+04 5.507731653343234211e+04
-2.228278154089581221e+04 5.510631327303964645e+04
-2.257129062379838433e+04 5.516531051048822701e+04
-2.317943756114901043e+04 5.524330680253589526e+04
-2.372707707176124677e+04 5.535530316474614665e+04
-2.454247326803812757e+04 5.549779993939446285e+04
-2.500623420077317860e+04 5.554979808499896899e+04
-2.551709159253526013e+04 5.583729373080935329e+04
-2.604634826915431768e+04 5.590829259207146242e+04
-2.675623881546081975e+04 5.594329194838879630e+04
-2.707170824464550242e+04 5.624679268743097782e+04
-2.772584064871200826e+04 5.629329084611311555e+04
-2.802236012034118176e+04 5.618778797522094101e+04
-2.813182630776707083e+04 5.647279040478914976e+04
-2.839057031586801168e+04 5.659479100040951744e+04
-2.888905627478891984e+04 5.684629308275179937e+04
-2.960079896474676207e+04 5.704229426325345412e+04
-3.002430060907884035e+04 5.709029325180221349e+04
-3.032169453195936512e+04 5.694478660796117038e+04
-3.014692719999281690e+04 5.709529198250407353e+04
-3.026253930233209394e+04 5.725029416071670130e+04
-3.050291600094432943e+04 5.727279210639791563e+04
-3.099091518908168655e+04 5.735978903333796188e+04
-3.123353393278724980e+04 5.746028908477025107e+04
-3.162727443135890644e+04 5.761278919841255993e+04
-3.221700796485901810e+04 5.785379045486450195e+04
-3.288629758783534635e+04 5.769277556581934914e+04
-3.316634856297052465e+04 5.733575872963061556e+04
-3.307107327391358558e+04 5.753776690309168771e+04
-3.278688766965817194e+04 5.797828624721849337e+04
-3.311877394281898160e+04 5.805328151840204373e+04
-3.313026300243951846e+04 5.816828477906668559e+04
-3.289085307157598436e+04 5.837279591151373461e+04
-3.306162450471590273e+04 5.826228907119762152e+04
-3.321027786338143051e+04 5.806628000067034736e+04
-3.337127036008576397e+04 5.823628185282228515e+04
-3.344251285384804942e+04 5.835578405736573040e+04
-3.358150252795440610e+04 5.854828711342765018e+04
-3.365674925777723547e+04 5.863028812068747357e+04
-3.373924101187079214e+04 5.877029081662138924e+04
-3.396061696288234089e+04 5.890979072305047885e+04
-3.439688700099440757e+04 5.900078492238512263e+04
-3.484954225909220986e+04 5.899377573641901836e+04
-3.548019519186683465e+04 5.909076638738252223e+04
-3.604309235151612666e+04 5.931525950555037707e+04
-3.618434879492653999e+04 5.933725718525703996e+04
-3.653773925382562447e+04 5.941575205027777702e+04
-3.670249826362391468e+04 5.938174817884806544e+04
-3.678187463939271402e+04 5.948124881635140628e+04
-3.681324934336519800e+04 5.955324980673333630e+04
-3.686050497647759039e+04 5.942374608397111297e+04
-3.707314069539483171e+04 5.941474183947173879e+04
-3.729439986124564894e+04 5.948223919029114768e+04
-3.747015740743465722e+04 5.952523692460730672e+04
-3.779304716640466359e+04 5.951523061487451196e+04
-3.813479415116831660e+04 5.957322505239164457e+04
-3.835241684560710564e+04 5.961972155001573265e+04
-3.856954106290347409e+04 5.961071682636486366e+04
-3.880079130147327669e+04 5.956671121311234310e+04
-3.905266418308974244e+04 5.959720651460252702e+04
-3.927466197675012518e+04 5.963220238908659667e+04
-3.951503512964211404e+04 5.965169755701487884e+04
-3.962766058565839194e+04 5.962119478076323867e+04
-3.974953529224148951e+04 5.961269211191823706e+04
-3.985853325294808019e+04 5.965519028301583603e+04
-4.004002889234735630e+04 5.974918729204591364e+04
-4.039927499625959899e+04 5.978468132423842326e+04
-4.054090057788579725e+04 5.968418504213029519e+04
-4.068802710473723710e+04 5.955018850862653926e+04
-4.079002929571608547e+04 5.942219043918792158e+04
-4.100277228065347299e+04 5.947719736790889874e+04
-4.122913926400162745e+04 5.955720513741066679e+04
-4.136076594676985405e+04 5.941220735232532024e+04
-4.153726180133421440e+04 5.940971260279882699e+04
-4.181687809034599923e+04 5.947672195391915739e+04
-4.197349995990830939e+04 5.945772638115333393e+04
-4.210125117056095041e+04 5.930972776686400175e+04
-4.221999995748931542e+04 5.924873020021663979e+04
-4.247624416900309734e+04 5.922823724747449160e+04
-4.263524243770306930e+04 5.914124012887338176e+04
-4.272198828932526521e+04 5.921974416165705770e+04
-4.295898189177038148e+04 5.924075146742397919e+04
-4.314322693367744796e+04 5.913825392975844443e+04
-4.326347287697833963e+04 5.910425628729630262e+04
-4.330222411630093120e+04 5.899275488845212385e+04
-4.362083380773814861e+04 5.909076514158910140e+04
-4.408657296482170932e+04 5.889527128655835986e+04
-4.456156715423229616e+04 5.867577405612776056e+04
-4.549428720514825545e+04 5.854929173413477838e+04
-4.575991914197511505e+04 5.835628125677118078e+04
-4.578341254060016945e+04 5.845578547193808481e+04
-4.638502436435082927e+04 5.852978033894672990e+04
-4.684677059334621299e+04 5.848327192642493173e+04
-4.720064608120615594e+04 5.838876340733468533e+04
-4.768151035405776929e+04 5.845425918316189200e+04
-4.814950382250978146e+04 5.845275263542262837e+04
-4.839263305408542510e+04 5.838875043830415234e+04
-4.871701505014067516e+04 5.827474671934219077e+04
-4.909651443527976517e+04 5.830374738799035549e+04
-4.946426793566369452e+04 5.825324572794651613e+04
-4.966413848708674777e+04 5.835124844243517146e+04
-4.999576640182861593e+04 5.831024707633256912e+04
-5.032489439220947679e+04 5.826524565875809640e+04
-5.041915103739593178e+04 5.812874191779270768e+04
-5.063789804455416743e+04 5.820324382278183475e+04
-5.105215187577321194e+04 5.817874468543007970e+04
-5.159603225222264882e+04 5.815474677235493436e+04
-5.200016209413262550e+04 5.811674789651436731e+04
-5.234253951432614122e+04 5.812324975700955838e+04
-5.285216957582416944e+04 5.809725173834012821e+04
-5.337805098241509404e+04 5.804225349823012948e+04
-5.385430799123458564e+04 5.798525719690509140e+04
-5.435943952411820646e+04 5.794676166469743475e+04
-5.518420057421608362e+04 5.787126900244783610e+04
-5.553758033206791151e+04 5.783627226549107581e+04
-5.569646271002304275e+04 5.767427211345452815e+04
-5.587146709414431825e+04 5.759827321181027219e+04
-5.603647149333124980e+04 5.752527520325640216e+04
-5.602009368421998806e+04 5.759877561799390242e+04
-5.589021210268686991e+04 5.774427494679065421e+04
-5.612759043173911050e+04 5.772577887335699052e+04
-5.631371716496534646e+04 5.773778244571946561e+04
-5.617959937422140501e+04 5.749127772051142529e+04
-5.622847313345572911e+04 5.754277911391854286e+04
-5.635671818945428822e+04 5.772278312315791845e+04
-5.653571645996661391e+04 5.782878728221403435e+04
-5.700634452625806443e+04 5.789379617636231706e+04
-5.716809491265693214e+04 5.793429925698274747e+04
-5.752247168868081644e+04 5.799630572475586087e+04
-5.766209882577054668e+04 5.798180810562241822e+04
-5.805822438014799263e+04 5.808781507570017129e+04
-5.846097631048981566e+04 5.815832181656127796e+04
-5.892423621060838923e+04 5.818683074812963605e+04
-5.907711565241904464e+04 5.817533386236988008e+04
-5.923636585890967399e+04 5.827483635259186849e+04
-5.960624701498297509e+04 5.835784258748404682e+04
-5.989475606594211422e+04 5.831634839822491631e+04
-5.994613278416264802e+04 5.830684947785083205e+04
-6.020988350882171653e+04 5.844885234326589853e+04
-6.039376414013979957e+04 5.842535594195919111e+04
-6.065901924038550351e+04 5.846185999329714105e+04
-6.085527424333977979e+04 5.845986343342252076e+04
-6.103053110828995705e+04 5.840486762101342902e+04
-6.133767640043050051e+04 5.843737935118796304e+04
-6.162169730438815895e+04 5.857289086549542844e+04
-6.191422384792903904e+04 5.860290519483992830e+04
-6.199347455826506484e+04 5.876690510109346360e+04
-6.219961815943196416e+04 5.885791498464951292e+04
-6.230837807773763780e+04 5.899492026932630688e+04
-6.242026308516913559e+04 5.917092534511303529e+04
-6.255140010718000121e+04 5.932193104951735586e+04
-6.243413815889798570e+04 5.945942529219621792e+04
-6.215935998904879671e+04 5.983191290395194665e+04
-6.204872307510743849e+04 6.010840857591712847e+04
-6.189970782938331831e+04 6.029990321000479162e+04
-6.162180431486084126e+04 6.067539458975940943e+04
-6.133739865235262550e+04 6.138089016803400591e+04
-6.144603335243347101e+04 6.156389443149557337e+04
-6.149028742164338473e+04 6.171489716516109183e+04
-6.142190546156349592e+04 6.191389764158241451e+04
-6.134039714968635235e+04 6.206789759484492242e+04
-6.132076995958376210e+04 6.219489874194189906e+04
-6.124513735319045372e+04 6.224339783674757928e+04
-6.108462515781994443e+04 6.249040068772062659e+04
-6.114062766725907568e+04 6.268140294585935771e+04
-6.111537584699084982e+04 6.286090576276509091e+04
-6.093949094236746896e+04 6.292890858633723110e+04
-6.073760393031639978e+04 6.310491366212442517e+04
-6.056471889659401495e+04 6.315691656729904935e+04
-6.045221185485320166e+04 6.325691973876021802e+04
-6.052633976622577757e+04 6.347692279332131147e+04
-6.046408465083478950e+04 6.370292782572377473e+04
-6.040220531789201777e+04 6.379343044769531116e+04
-6.051646113436180167e+04 6.396693179785413668e+04
-6.036570078740268946e+04 6.411743720434047282e+04
-6.030269560845615342e+04 6.428144151878682896e+04
-6.024831665552116465e+04 6.436094336832780391e+04
-6.014205982397543266e+04 6.439894448020821437e+04
-6.009780687278544065e+04 6.453344188661128283e+04
-5.995692260221636388e+04 6.460194296372216195e+04
-5.985679076264088508e+04 6.473544159506494179e+04
-5.978153524837619625e+04 6.493993796964967623e+04
-5.972215596756804734e+04 6.503443680988252163e+04
-5.958027103727660142e+04 6.512943735354347154e+04
-5.953564259112917352e+04 6.522993580780411139e+04
-5.943088543948659208e+04 6.522443808886501938e+04
-5.931012686810607556e+04 6.528193922407412902e+04
-5.930875122452108189e+04 6.538843665349483490e+04
-5.923999626107094809e+04 6.542293724517850205e+04
-5.919086689055210445e+04 6.558193442780198529e+04
-5.910036037148279138e+04 6.560493580185621977e+04
-5.896260055117099546e+04 6.561943837222037837e+04
-5.890834608176210895e+04 6.570543748240312561e+04
-5.879608752792212181e+04 6.577943813117174432e+04
-5.868057920976961032e+04 6.578694045972824097e+04
-5.861932513742207084e+04 6.575494253953965381e+04
-5.848444584737659898e+04 6.579894055025745183e+04
-5.800305303861980792e+04 6.620542855160916224e+04
-5.768641505507263355e+04 6.651892090640868992e+04
-5.719539414673170540e+04 6.696791174259781837e+04
-5.668899548207689077e+04 6.753339328502304852e+04
-5.648048222183517646e+04 6.797487728863256052e+04
-5.659035977668443229e+04 6.809137198779638857e+04
-5.659160828543908428e+04 6.821036737796338275e+04
-5.660635797013645060e+04 6.827786463295295835e+04
-5.657760540606779978e+04 6.838636073051393032e+04
-5.638247222424577922e+04 6.842086160968849435e+04
-5.623358717992086895e+04 6.869285370597848669e+04
-5.619933130681363400e+04 6.898284406937146559e+04
-5.621507772219215985e+04 6.926133406517142430e+04
-5.634245701555092819e+04 6.935482828469714150e+04
-5.631370419593492988e+04 6.945932509742816910e+04
-5.627295173299789894e+04 6.949982450455473736e+04
-5.617631955114635639e+04 6.967482051949901506e+04
-5.614781643328117207e+04 6.978931725327763706e+04
-5.614143848133075517e+04 7.002130318086175248e+04
-5.622706720750406384e+04 7.013528945871395990e+04
-5.619519016123469919e+04 7.023078074920875952e+04
-5.617131353734352160e+04 7.031877258605509996e+04
-5.622094055447576102e+04 7.044125884950393811e+04
-5.615406153252837248e+04 7.053925102266250178e+04
-5.628681840560608543e+04 7.060124078402435407e+04
-5.621481431671197060e+04 7.064023904185043648e+04
-5.614105947259662207e+04 7.080772458266466856e+04
-5.630281803651223890e+04 7.091920815707789734e+04
-5.642995005582040176e+04 7.098769703180016950e+04
-5.638469733932393137e+04 7.103069415919110179e+04
-5.636244586910807993e+04 7.108418949311180040e+04
-5.643032449664478190e+04 7.119417600698303431e+04
-5.654658124923810828e+04 7.125516574749117717e+04
-5.661070981454465073e+04 7.142914557820837945e+04
-5.673771751004387625e+04 7.154362911935290322e+04
-5.702286055456800386e+04 7.172159980183560401e+04
-5.719087150083156303e+04 7.180408459226274863e+04
-5.727612751112552360e+04 7.193356739208195359e+04
-5.725837661390332505e+04 7.200056089926324785e+04
-5.735625861418992281e+04 7.212254383016936481e+04
-5.743701437092432752e+04 7.218753349437564611e+04
-5.740088728394126520e+04 7.225602757587656379e+04
-5.737076092900638469e+04 7.240251299819396809e+04
-5.726125350261910353e+04 7.243951370589947328e+04
-5.725962870032154024e+04 7.251550564387720078e+04
-5.721675097745191306e+04 7.259949851532792673e+04
-5.719899992051254958e+04 7.266249257796257734e+04
-5.710937404971884098e+04 7.277747261575749144e+04
-5.705637150701112114e+04 7.279996982673928142e+04
-5.692273900077526923e+04 7.283696730815898627e+04
-5.686761375360889360e+04 7.290245461897877976e+04
-5.664834728247812018e+04 7.289146694335248321e+04
-5.655533607947756536e+04 7.281248954095831141e+04
-5.636506705070915632e+04 7.271951996023999527e+04
-5.617367703133751638e+04 7.263904035441204906e+04
-5.598592306811327580e+04 7.259704771995404735e+04
-5.584817503492522519e+04 7.254755237361835316e+04
-5.580655096370168030e+04 7.245756132559385151e+04
-5.568130232871416956e+04 7.249705710225924850e+04
-5.534343228546378668e+04 7.232607375644007698e+04
-5.497106219356763177e+04 7.224508145864540711e+04
-5.477918954099214170e+04 7.223958172727050260e+04
-5.457456686210585758e+04 7.228757646734360605e+04
-5.443644368533801753e+04 7.225307983664469793e+04
-5.422657132820528932e+04 7.222858207286009565e+04
-5.388545053039630875e+04 7.220958359324233606e+04
-5.341195659587043338e+04 7.224007867112848908e+04
-5.312921122480474878e+04 7.227607079714257270e+04
-5.281396638983918820e+04 7.231306224125437438e+04
-5.256147000451595522e+04 7.250953650387609378e+04
-5.246584637241263408e+04 7.258552639747457579e+04
-5.235984812288987450e+04 7.259402373176766559e+04
-5.205897888317506295e+04 7.237704399458132684e+04
-5.169823549511656165e+04 7.219705994998244569e+04
-5.165023641073761974e+04 7.216706287008710206e+04
-5.151036420369346160e+04 7.203307700568716973e+04
-5.131274237353936769e+04 7.207956896734517068e+04
-5.125624311190273147e+04 7.214106079460307956e+04
-5.123624317397724371e+04 7.222305058972071856e+04
-5.114874495887290686e+04 7.212556126995384693e+04
-5.107137162749376148e+04 7.201757348811021075e+04
-5.093237431890890002e+04 7.190858523820480332e+04
