-3.475954671681363252e+05 1.578102566034989432e+05
-3.473889578204887221e+05 1.577696090848105960e+05
-3.472045745461428305e+05 1.577159290362950414e+05
-3.470717561700895894e+05 1.576406707667233422e+05
-3.469407506354913930e+05 1.574809354804828763e+05
-3.468026199626470916e+05 1.572552315931823105e+05
-3.468013701663123793e+05 1.571592632467094809e+05
-3.466586768056907458e+05 1.569490609553628601e+05
-3.465504851323592011e+05 1.567003133297697641e+05
-3.464429810166037059e+05 1.564565622784406878e+05
-3.463638534021545202e+05 1.561397865149094723e+05
-3.464611711114089121e+05 1.558452181647969410e+05
-3.467119327592524933e+05 1.556683671900592744e+05
-3.468918785750426468e+05 1.555481140765408054e+05
-3.471080132551770657e+05 1.555192747493297793e+05
-3.472636449677220080e+05 1.555974993668878451e+05
-3.477086024262612336e+05 1.555363016100674868e+05
-3.478934239644844783e+05 1.551636244896664284e+05
-3.480136798426710884e+05 1.549479945278367959e+05
-3.481881880684516509e+05 1.547817573823952116e+05
-3.483855727829090902e+05 1.544355312360245734e+05
-3.484838903420306160e+05 1.541754422254692763e+05
-3.485054545477558277e+05 1.539034789017932490e+05
-3.485073298758277087e+05 1.538114999328674749e+05
-3.486212729545873008e+05 1.535928767187357880e+05
-3.488586586138003622e+05 1.534225448951739818e+05
-3.491296711860651849e+05 1.529892303368025459e+05
-3.492378644337215810e+05 1.524921935085314326e+05
-3.492662412294138921e+05 1.522432135740290396e+05
-3.493096809092044132e+05 1.521186710268878378e+05
-3.494526877012628247e+05 1.518280069383862428e+05
-3.495451299440718722e+05 1.515004309992552735e+05
-3.496902000360284001e+05 1.509033312231875025e+05
-3.497642664392996812e+05 1.505722867904426530e+05
-3.498492708291917224e+05 1.502182310530566610e+05
-3.498145829619897995e+05 1.498183706415854394e+05
-3.497360180982749444e+05 1.495135564830075018e+05
-3.496489529171650647e+05 1.492462318242816254e+05
-3.495740760821837466e+05 1.488674049814683385e+05
-3.494168833305627923e+05 1.485541927854125388e+05
-3.492845667033561040e+05 1.482159450997505337e+05
-3.491743756118767778e+05 1.479956451528659090e+05
-3.490429339380998281e+05 1.477108860880583525e+05
-3.489563689059127937e+05 1.474685520954788662e+05
-3.489339313850796316e+05 1.472261209555370733e+05
-3.488959934842343209e+05 1.469262211863463745e+05
-3.489014945720125106e+05 1.466777449333979748e+05
-3.490611886442204705e+05 1.465460180892348289e+05
-3.493372616469005006e+05 1.465656030230508186e+05
-3.494382658361623762e+05 1.464704613251136616e+05
-3.495412073153380770e+05 1.464603084146133624e+05
-3.497433404239072697e+05 1.463435183037710376e+05
-3.499237854414655012e+05 1.461447699296143837e+05
-3.500073515768197831e+05 1.459971612196518108e+05
-3.501042929456406273e+05 1.459395231648911722e+05
-3.503248014329695725e+05 1.459131980216531083e+05
-3.504676191012567142e+05 1.460169737650011666e+05
-3.505768110212365282e+05 1.459273215201976709e+05
-3.506451265182559728e+05 1.457832366484068334e+05
-3.508375093339039595e+05 1.456039721568902023e+05
-3.510020783733810531e+05 1.454982408844991587e+05
-3.511216457084387657e+05 1.453815780635802075e+05
-3.512919649502013344e+05 1.452723396690189838e+05
-3.513992811197293922e+05 1.454586565086566843e+05
-3.515329111434345832e+05 1.455114480363898911e+05
-3.516115393385259667e+05 1.454328394883605652e+05
-3.517469823188806185e+05 1.453141506905616261e+05
-3.519438652844915632e+05 1.451298785533099435e+05
-3.520899336007928359e+05 1.450376712176864967e+05
-3.522423148189163767e+05 1.448569669101065956e+05
-3.524461978599437862e+05 1.447551750336489640e+05
-3.525608271651429241e+05 1.448064957963968627e+05
-3.526670809597886982e+05 1.449603143475018442e+05
-3.528683387053477345e+05 1.449670109238075092e+05
-3.529629675317693036e+05 1.448683831842937507e+05
-3.530844099005128955e+05 1.447602168537527323e+05
-3.532021018307023332e+05 1.448215311234104447e+05
-3.533416074651059462e+05 1.446663452391815372e+05
-3.534898007487613941e+05 1.446291288142930716e+05
-3.535625536275402992e+05 1.445805272945286706e+05
-3.537008090560287237e+05 1.445168301498293877e+05
-3.538641277359980159e+05 1.445920737768998370e+05
-3.539573813320730696e+05 1.446034322746456601e+05
-3.540098210174034466e+05 1.445308638478606008e+05
-3.541454514704081812e+05 1.444886637760913000e+05
-3.542286421612861450e+05 1.445730231791753322e+05
-3.544877148619602667e+05 1.446541143990815617e+05
-3.545284667212672648e+05 1.444725823678174056e+05
-3.546842231638575904e+05 1.442858762731631286e+05
-3.547967901675109752e+05 1.442667081386493519e+05
-3.549557965285502723e+05 1.442339717046860605e+05
-3.550508002746732091e+05 1.442708207615129650e+05
-3.551909934410540154e+05 1.442011195002496243e+05
-3.553076231371545582e+05 1.441529505102364346e+05
-3.554673795679854811e+05 1.441037162910769694e+05
-3.556195731086687301e+05 1.441354792291149497e+05
-3.557214522129622055e+05 1.440928320106924511e+05
-3.558351441805097857e+05 1.441746443225741386e+05
-3.560186515158730326e+05 1.441758649874995463e+05
-3.561834706426109769e+05 1.441301228000307456e+05
-3.563376018571896711e+05 1.440773983666943386e+05
-3.564966083974204375e+05 1.439166819944907911e+05
-3.566985541741328198e+05 1.438348834675513208e+05
-3.568044960476697306e+05 1.437682298431941308e+05
-3.569084378374906373e+05 1.437100782129517756e+05
-3.569660652559587616e+05 1.436454989983621053e+05
-3.570689444277090370e+05 1.436448407001891173e+05
-3.572898284875081736e+05 1.435750112146474421e+05
-3.575840281768204877e+05 1.433061001996542327e+05
-3.577904741930915043e+05 1.431373097553071566e+05
-3.579940450954204425e+05 1.429260313297351822e+05
-3.580922367213540711e+05 1.427059163980181329e+05
-3.582550559819656191e+05 1.424232135550463572e+05
-3.583684356316232588e+05 1.422955615755496547e+05
-3.585073163486603880e+05 1.420743866112381220e+05
-3.585952574815523694e+05 1.418672873653522693e+05
-3.585653188532219501e+05 1.417148581623197533e+05
-3.586410719471706543e+05 1.416137601535366848e+05
-3.587897654565452831e+05 1.415170511448229663e+05
-3.589460217920707655e+05 1.413443439850592986e+05
-3.590415257255147444e+05 1.411482278308412060e+05
-3.591140911956405616e+05 1.410421320062535815e+05
-3.592266582888896228e+05 1.408579849190320820e+05
-3.592324711185852648e+05 1.406740002048588358e+05
-3.593312876618853188e+05 1.404643774570450187e+05
-3.592579098145423923e+05 1.403415051789651625e+05
-3.594894815433123731e+05 1.402891604651007801e+05
-3.596656136275699828e+05 1.400909200858930126e+05
-3.597695553021963569e+05 1.399517816659584641e+05
-3.598883100680460921e+05 1.397896243897438981e+05
-3.599880640769915190e+05 1.396154979569367133e+05
-3.601681337780673639e+05 1.393237675513406284e+05
-3.602775131322990637e+05 1.391401291374349967e+05
-3.604439572438602918e+05 1.388829162007761188e+05
-3.605403985661533661e+05 1.387292939666984603e+05
-3.606619033575168578e+05 1.385326409293105826e+05
-3.606946547155676526e+05 1.383201159328501672e+05
-3.607780330198889715e+05 1.382135032049398869e+05
-3.609354142681111116e+05 1.379762950860508718e+05
-3.610097922213090351e+05 1.378032040214152075e+05
-3.610954206326102722e+05 1.375701034696311690e+05
-3.611655484079116140e+05 1.373665229421616532e+05
-3.612527393302185810e+05 1.372569065304473042e+05
-3.613981200377463247e+05 1.370222191104204394e+05
-3.614296837916933000e+05 1.368801893981159665e+05
-3.613495556874074973e+05 1.367288255778220482e+05
-3.612778029272829299e+05 1.365579514057519846e+05
-3.613703065431620344e+05 1.364233311573197134e+05
-3.615066868483688449e+05 1.362751483947620727e+05
-3.616138160060248338e+05 1.361355080083915964e+05
-3.616813186266510165e+05 1.360334214516021311e+05
-3.618311994585428620e+05 1.359482117723105475e+05
-3.619256406459223363e+05 1.358060903011867777e+05
-3.620265821309777675e+05 1.356399586227098480e+05
-3.620763341366179520e+05 1.354514030163511634e+05
-3.621504620793513022e+05 1.353038080529319122e+05
-3.621976514425320202e+05 1.351997487007235177e+05
-3.621956514356122934e+05 1.349637739693527110e+05
-3.623261565525004407e+05 1.348410949620464817e+05
-3.622505911615908262e+05 1.346702216347358190e+05
-3.620043316220166162e+05 1.345745895922076888e+05
-3.618849520283961901e+05 1.344882713706381619e+05
-3.619641426414378220e+05 1.343451691591348499e+05
-3.620526461154835997e+05 1.342315509800645523e+05
-3.622341532135381713e+05 1.340043088877978735e+05
-3.624162228191385511e+05 1.337770670387195423e+05
-3.626231057937492151e+05 1.339572497072024271e+05
-3.627034838701013941e+05 1.341596127823926508e+05
-3.627707364546642639e+05 1.343374970134031028e+05
-3.628620525176370866e+05 1.341838800782724284e+05
-3.630189336297357222e+05 1.340991612043501809e+05
-3.631206250693883048e+05 1.341705060607478954e+05
-3.633058197865959955e+05 1.341217425135187805e+05
-3.635080776508093113e+05 1.341624444808075204e+05
-3.636512082385577378e+05 1.342112311693318188e+05
-3.637162107801376260e+05 1.343456214127442800e+05
-3.638464658865612582e+05 1.345029137820093893e+05
-3.639449697663878906e+05 1.346597519649574533e+05
-3.641419774876429583e+05 1.347194575690133497e+05
-3.642803579405627097e+05 1.348142441735025495e+05
-3.643346100961658522e+05 1.349421492993142456e+05
-3.644119881877371809e+05 1.350345246525164694e+05
-3.644439269765799982e+05 1.350944703987077810e+05
-3.644747407119328273e+05 1.351359200423024595e+05
-3.646377472276048502e+05 1.351641772789023817e+05
-3.647536893533299444e+05 1.351980027872733772e+05
-3.649813234268834931e+05 1.351611734159067273e+05
-3.650938278799230466e+05 1.350655209583532996e+05
-3.652332709637128282e+05 1.350973122214390896e+05
-3.653511506993364310e+05 1.351281351467533968e+05
-3.654546548780488665e+05 1.352099720846591517e+05
-3.654359043108006008e+05 1.355019596683774143e+05
-3.654269665998867713e+05 1.357564380283853970e+05
-3.655855358489937498e+05 1.361096443215236068e+05
-3.657411049981255201e+05 1.364473555463962257e+05
-3.658814857779496815e+05 1.365261334559400566e+05
-3.660649933053037385e+05 1.366063467657580040e+05
-3.663381294881874928e+05 1.366809274868760258e+05
-3.665352626690531033e+05 1.368116104512736201e+05
-3.663318797513497993e+05 1.370833638777700253e+05
-3.663435679997530533e+05 1.372973076352993958e+05
-3.664207589130603010e+05 1.374951562124118209e+05
-3.665727028272606549e+05 1.376404020271794870e+05
-3.668409640044770786e+05 1.377714754241378978e+05
-3.668484024461660301e+05 1.382078822764828801e+05
-3.667877753757012542e+05 1.384964195417193696e+05
-3.667727755669918261e+05 1.389563419690309092e+05
-3.666977729524152237e+05 1.392198971437118016e+05
-3.665481424253737787e+05 1.395955416488503106e+05
-3.666391467464292073e+05 1.399008356053223833e+05
-3.666998371354711708e+05 1.401026981988060288e+05
-3.665570188272145460e+05 1.401783998392112553e+05
-3.665496437553003198e+05 1.403098821766469628e+05
-3.666004588269897504e+05 1.405622486502761021e+05
-3.667862166661139927e+05 1.406019548251042143e+05
-3.668144682325847680e+05 1.408063657897287048e+05
-3.668335319880814059e+05 1.410527813666532747e+05
-3.667364033642000868e+05 1.412968766191508621e+05
-3.666201488693875144e+05 1.414715115460823290e+05
-3.662838851914092083e+05 1.416789778272463009e+05
-3.659171207359374384e+05 1.421374296687636524e+05
-3.657873656632421771e+05 1.423285831798985600e+05
-3.655129174533946207e+05 1.427534046781281941e+05
-3.653703498211707338e+05 1.432140136646637693e+05
-3.654382910000600968e+05 1.436233062018458731e+05
-3.654789808591270121e+05 1.439461623918972909e+05
-3.654211039037717273e+05 1.441736932639777660e+05
-3.653712275008703000e+05 1.444631879875049926e+05
-3.652519727652891306e+05 1.446068348514065146e+05
-3.650200886930304114e+05 1.449466042180233635e+05
-3.649925258872782579e+05 1.453115436086235568e+05
-3.649160857861272525e+05 1.455910853609056212e+05
-3.647655172302672872e+05 1.457617766297077760e+05
-3.646133238815749064e+05 1.460584355680155568e+05
-3.644758180748995510e+05 1.461046421813126653e+05
-3.642909978294146131e+05 1.461929128344734199e+05
-3.639927355244514765e+05 1.464093294083499350e+05
-3.637050360432193265e+05 1.465767438031900674e+05
-3.634150240323873004e+05 1.467966488761259243e+05
-3.631366375401532860e+05 1.469920355675690807e+05
-3.630722602359245648e+05 1.471865779217206873e+05
-3.628855026109300670e+05 1.473608237600275315e+05
-3.627497470950958668e+05 1.475064969847905450e+05
-3.625424259462036425e+05 1.476282933334349655e+05
-3.623293547102204757e+05 1.478360732124275528e+05
-3.621286590754263452e+05 1.480863211183971725e+05
-3.618868992378364783e+05 1.483906203063596040e+05
-3.617618942743710941e+05 1.486227531859404407e+05
-3.615399476604982628e+05 1.489130255107451230e+05
-3.610771778939182987e+05 1.491372073459085077e+05
-3.608141669492558576e+05 1.494815330262067728e+05
-3.606833491944930283e+05 1.497226681896187365e+05
-3.606697865139751229e+05 1.499156242387006059e+05
-3.605664071421044064e+05 1.499847686881455593e+05
-3.602988329848896828e+05 1.500111948569607921e+05
-3.599816941922897240e+05 1.500481982488194481e+05
-3.597129326229619910e+05 1.501421042681480758e+05
-3.594996109413350932e+05 1.502209254908245057e+05
-3.591867225186225842e+05 1.503648880004566163e+05
-3.588738964929311769e+05 1.504123791988277808e+05
-3.583841256089840317e+05 1.506775853410917334e+05
-3.581859298356465297e+05 1.509323252438134514e+05
-3.582671210827779141e+05 1.511086377866556868e+05
-3.581165523477265378e+05 1.513682999631883577e+05
-3.577361609716037055e+05 1.515338662798553705e+05
-3.574235848795804777e+05 1.515438715110057965e+05
-3.569188755727933603e+05 1.516946466618031263e+05
-3.565434843419637182e+05 1.517842310058483854e+05
-3.561029656859161332e+05 1.520048760754568502e+05
-3.558352668626529630e+05 1.521342698470004834e+05
-3.555161908313367167e+05 1.522507510701892897e+05
-3.551828017553249374e+05 1.524132374954903498e+05
-3.548069734637605725e+05 1.526477649743529037e+05
-3.545907768985805451e+05 1.528495466628987342e+05
-3.543809555682469509e+05 1.530483199446657673e+05
-3.540898182607365889e+05 1.532497254079729319e+05
-3.539288739954127814e+05 1.535363920425130054e+05
-3.537339282557187835e+05 1.537811260357168503e+05
-3.536236736408720026e+05 1.542026657578181475e+05
-3.534923555707941996e+05 1.546422348527978174e+05
-3.533278484931590501e+05 1.550133815374621190e+05
-3.531717793358977069e+05 1.551735772177232429e+05
-3.530518368635490770e+05 1.554451671704240143e+05
-3.530095228516192292e+05 1.558650734089082107e+05
-3.529810844652672531e+05 1.563079483300675638e+05
-3.527795133266696357e+05 1.566201589227397926e+05
-3.526112560792674776e+05 1.568903320982772857e+05
-3.527165108688058099e+05 1.571000779378148727e+05
-3.526166941812525620e+05 1.574810964839966036e+05
-3.523347441727407277e+05 1.575705289888908155e+05
-3.521487359647690901e+05 1.577502689393088222e+05
-3.520821705793993315e+05 1.578743294870606624e+05
-3.519385391899591777e+05 1.578915599732776172e+05
-3.518189712789290352e+05 1.578322848510704935e+05
-3.516040867023147293e+05 1.577156847215588205e+05
-3.513875771024789428e+05 1.578559897673982196e+05
-3.511783803823264898e+05 1.580842348837810569e+05
-3.509843091224847594e+05 1.582274923390727490e+05
-3.507868627661701175e+05 1.584917030984559096e+05
-3.507393607523153769e+05 1.587541670484319329e+05
-3.506456689179618261e+05 1.587073428902160376e+05
-3.505438517499114969e+05 1.587344999169404618e+05
-3.503798441940291668e+05 1.586707995339953341e+05
-3.502727142300116247e+05 1.585470305819227360e+05
-3.502412752317088307e+05 1.584126406328966841e+05
-3.501966481526047573e+05 1.582607799275238067e+05
-3.499655750752291642e+05 1.580677446246254258e+05
-3.497632533676637104e+05 1.580235974970087409e+05
-3.494054246264011017e+05 1.580691689534280449e+05
-3.491691639054834959e+05 1.580785551549308002e+05
-3.490314701781795011e+05 1.580577912182011642e+05
-3.488895262345807278e+05 1.581025069970702752e+05
-3.486156387019663816e+05 1.582244087102850899e+05
-3.484548186547124642e+05 1.584295895965532400e+05
-3.483093744366167230e+05 1.584288301320099272e+05
-3.482109324546350981e+05 1.583390293374983594e+05
-3.480691135482669924e+05 1.581878247800013050e+05
-3.478274150453490438e+05 1.580582754318844527e+05
-3.476680952400735696e+05 1.580540395253067836e+05
-3.476240308733055717e+05 1.579066710726739839e+05
