-1.349339898294956656e+05 1.248767328391815536e+05
-1.346607414579326287e+05 1.249417288319771178e+05
-1.345696151370644802e+05 1.250706884110532701e+05
-1.344411127781306859e+05 1.252796233712495305e+05
-1.344341103848258499e+05 1.254210728943226859e+05
-1.345403572562350892e+05 1.255365203910656273e+05
-1.345276054904981283e+05 1.256444822840844281e+05
-1.345301038226924138e+05 1.257389475138727576e+05
-1.344039816277254140e+05 1.256519926997697912e+05
-1.343607335714005167e+05 1.255670277241542935e+05
-1.342936094395249384e+05 1.255580377816609107e+05
-1.342384818403807003e+05 1.257024878687285818e+05
-1.342094827850025613e+05 1.256475080640343949e+05
-1.340376092189244227e+05 1.255580435722405091e+05
-1.337444851534757763e+05 1.254875742695387453e+05
-1.335031097491851542e+05 1.254995752125373110e+05
-1.333269814872562420e+05 1.256890161184575409e+05
-1.331221037035399349e+05 1.258519682190148160e+05
-1.329941019267645897e+05 1.259609368649334647e+05
-1.329654741081516258e+05 1.261363812661194243e+05
-1.326892243309398182e+05 1.261208963130442426e+05
-1.325376002878069412e+05 1.260574215594315901e+05
-1.323614763014806667e+05 1.259864494526050985e+05
-1.320928508325788425e+05 1.260124504352845252e+05
-1.317846003923431272e+05 1.260369535430967808e+05
-1.315125997560652904e+05 1.260169184399358928e+05
-1.313654745894540101e+05 1.259838963455655612e+05
-1.312504735060153762e+05 1.260208597711534239e+05
-1.311570983192111598e+05 1.260053442155369557e+05
-1.310667230904108146e+05 1.259933283247626387e+05
-1.310173492402996635e+05 1.259038464275631122e+05
-1.310168505434462568e+05 1.258193735838998109e+05
-1.308764768225704320e+05 1.257003831949634477e+05
-1.308344792958223261e+05 1.255304307547369972e+05
-1.306994809836543864e+05 1.253909510051193647e+05
-1.305317320273781661e+05 1.252904534724759869e+05
-1.304014824283178896e+05 1.252369478753367439e+05
-1.302453587343416875e+05 1.251264584615612403e+05
-1.301867353082977934e+05 1.250214856187095866e+05
-1.301601113332959358e+05 1.249555046886871569e+05
-1.300977378671653569e+05 1.248515316635058261e+05
-1.300232395328950370e+05 1.247405598136330955e+05
-1.298747414602091303e+05 1.245910833686217666e+05
-1.296104931646544719e+05 1.243630743395164609e+05
-1.295076188009944744e+05 1.242850709874844179e+05
-1.293957450683156494e+05 1.241525756197748706e+05
-1.293461204726321157e+05 1.241110754768997431e+05
-1.292794966199195478e+05 1.240005843798164278e+05
-1.292507479061199119e+05 1.238840995276328176e+05
-1.289897490684933728e+05 1.236945842868275940e+05
-1.288332497611509170e+05 1.235315742804720066e+05
-1.288592523598060943e+05 1.233326167586245574e+05
-1.287392534673293121e+05 1.231666194190760143e+05
-1.286960043673535110e+05 1.230661285859993659e+05
-1.285403807168771746e+05 1.228681327717271633e+05
-1.285082563980413834e+05 1.227956403010375798e+05
-1.284721324718620162e+05 1.226906537223919295e+05
-1.284117583044107305e+05 1.225921613463400863e+05
-1.283728839874844998e+05 1.225171689274804667e+05
-1.282117593535170890e+05 1.224091603058292530e+05
-1.280560103302545613e+05 1.222596635601222515e+05
-1.279593853151943767e+05 1.222161556683615781e+05
-1.278711343875316670e+05 1.222461328267357312e+05
-1.277781345110982656e+05 1.221941280334196053e+05
-1.276435099606575677e+05 1.221026258298559114e+05
-1.276155108912807191e+05 1.220226402815543115e+05
-1.277368864941082429e+05 1.220296594069418497e+05
-1.279403889814525610e+05 1.219307166449786164e+05
-1.280222657937202603e+05 1.217747528316043317e+05
-1.280300170571261551e+05 1.215622740028956905e+05
-1.279978927719565108e+05 1.214087837097547017e+05
-1.279587681471178075e+05 1.213102874620943330e+05
-1.279382684172588633e+05 1.212467906908118166e+05
-1.278895187714520143e+05 1.211502934051691554e+05
-1.277628940753553761e+05 1.210072909293887205e+05
-1.274971442353221355e+05 1.208182776510547847e+05
-1.272126435888645938e+05 1.207562502394006588e+05
-1.270127683947812766e+05 1.206777364410245791e+05
-1.270288945199064910e+05 1.205337573772249743e+05
-1.270572705829621991e+05 1.203997780724395998e+05
-1.271127720111660892e+05 1.202258064311640337e+05
-1.271650230051230174e+05 1.201083265419048257e+05
-1.271511490788839292e+05 1.199513451351267286e+05
-1.271152745852967491e+05 1.198708522377684712e+05
-1.270430253526255256e+05 1.197423628066405654e+05
-1.268452759409911232e+05 1.196148643053169362e+05
-1.266299016203783685e+05 1.194798676091246307e+05
-1.265320275907188188e+05 1.193438810941120610e+05
-1.264961531307977857e+05 1.192708897919044830e+05
-1.262899015656866832e+05 1.193238347127866000e+05
-1.257890234816620359e+05 1.193562131438110955e+05
-1.256435231113472255e+05 1.193111875141477212e+05
-1.255447726841659751e+05 1.193001667951135896e+05
-1.255638982959686546e+05 1.192501803891900927e+05
-1.258245250888421433e+05 1.192107469109841622e+05
-1.260551519986821804e+05 1.191363118690978736e+05
-1.260950277492547175e+05 1.189903245514198206e+05
-1.261331532634122996e+05 1.188613328548260033e+05
-1.261417787360392977e+05 1.186883345022848807e+05
-1.261075289040838834e+05 1.185763275862704031e+05
-1.260775291220488725e+05 1.184668218640740961e+05
-1.260682796134484233e+05 1.182773205610597506e+05
-1.260995301270571072e+05 1.181208264046399854e+05
-1.261214054226174485e+05 1.180088301607989706e+05
-1.261096562015099917e+05 1.177213281760248356e+05
-1.262530313617007341e+05 1.176418498421157710e+05
-1.262740313033905113e+05 1.176778533107684925e+05
-1.262802814263119362e+05 1.176098536903578788e+05
-1.263500315524670295e+05 1.175413632846414112e+05
-1.262895315409032628e+05 1.175633546274611726e+05
-1.262756565373470075e+05 1.175618525779903866e+05
-1.263495317782964557e+05 1.173988614246854559e+05
-1.263675319976455066e+05 1.172673621713686734e+05
-1.262747823954581982e+05 1.171468488262747414e+05
-1.263522823373742867e+05 1.170848578414074145e+05
-1.263660325741353445e+05 1.169358575032548979e+05
-1.263471577415711945e+05 1.168633543940582313e+05
-1.262574082657184917e+05 1.167428433719296008e+05
-1.260187844641567208e+05 1.166058186261560768e+05
-1.258795354287450900e+05 1.164853061563824303e+05
-1.257587863195209065e+05 1.163867966105882078e+05
-1.254585408172195312e+05 1.161087856217925437e+05
-1.255512935166936368e+05 1.158458076851838268e+05
-1.254744214486934943e+05 1.156388140168702230e+05
-1.252980512280603871e+05 1.153303211466041394e+05
-1.251419297560509294e+05 1.151258251371616498e+05
-1.251820554778741207e+05 1.150463324951338582e+05
-1.250979310789845185e+05 1.150418282993584871e+05
-1.251350584251135588e+05 1.148353438654071651e+05
-1.248790612344676629e+05 1.147498377062422223e+05
-1.245496899236893514e+05 1.146408312868899666e+05
-1.240439481902809348e+05 1.143003408845532686e+05
-1.239319511047855485e+05 1.141508512087403797e+05
-1.238788294028883101e+05 1.139448693769169040e+05
-1.237782080797685776e+05 1.136788817191175185e+05
-1.237237098358512158e+05 1.134853865656736307e+05
-1.236033359023331432e+05 1.132838781587532721e+05
-1.234072114216597984e+05 1.131508570602624677e+05
-1.232357119203044567e+05 1.130403392322463915e+05
-1.230355879669522401e+05 1.128503229716229253e+05
-1.229354642297024839e+05 1.126563212771103717e+05
-1.228014668798545608e+05 1.122778276697811671e+05
-1.226304709569460247e+05 1.117293431754689664e+05
-1.224080977106430801e+05 1.115033351956834085e+05
-1.220995991507956060e+05 1.113323168174447492e+05
-1.217828502603609813e+05 1.112172952313139103e+05
-1.215692272198142018e+05 1.110052934184502810e+05
-1.215266033677936066e+05 1.107763060170193203e+05
-1.215186018301415024e+05 1.104303168531581759e+05
-1.215362253251411021e+05 1.100918295201105066e+05
-1.214989741885353578e+05 1.098463347242730670e+05
-1.215654731734541710e+05 1.096003479648143984e+05
-1.216147224924331531e+05 1.094248573399884626e+05
-1.216438472909252159e+05 1.093633614496951923e+05
-1.216683473351171706e+05 1.093658631485053338e+05
-1.216895973153898958e+05 1.093548650531321764e+05
-1.216882222210149048e+05 1.093298657397618517e+05
-1.216857221045140177e+05 1.093048663253933191e+05
-1.216742220130031928e+05 1.092828661957052536e+05
-1.216643468861196889e+05 1.092603661908484064e+05
-1.216547217641529860e+05 1.092368662336561829e+05
-1.216399716760554584e+05 1.092178657926428132e+05
-1.213632204076986527e+05 1.090573514925208874e+05
-1.210422203226941638e+05 1.090933185007204302e+05
-1.209192206305596046e+05 1.091843001244259067e+05
-1.208504707260688301e+05 1.092107907477612607e+05
-1.207225959043893963e+05 1.093017708901548758e+05
-1.206353460400451440e+05 1.093852558339689858e+05
-1.204984711086911848e+05 1.095092317774607800e+05
-1.204097211138473358e+05 1.096117143343309872e+05
-1.199894702888323227e+05 1.094221732715796679e+05
-1.196497200370604405e+05 1.093171394929755479e+05
-1.194953449298572959e+05 1.093051217842283659e+05
-1.192878448888054118e+05 1.092586009056591429e+05
-1.191450951449007262e+05 1.091650927375163883e+05
-1.189770960490430007e+05 1.089530943249352276e+05
-1.186617237006283831e+05 1.085206064561293460e+05
-1.185525991130485199e+05 1.083556068132831715e+05
-1.185624754855800420e+05 1.081321334578138776e+05
-1.184756017059282167e+05 1.079231378311943263e+05
-1.183222277630420867e+05 1.077066320245526731e+05
-1.180233544261596398e+05 1.073546173584009521e+05
-1.178966073872313136e+05 1.069581354158776812e+05
-1.176718585218935041e+05 1.067366243599760346e+05
-1.176173600759792607e+05 1.065446355652716011e+05
-1.174994864272928098e+05 1.063526384886917658e+05
-1.173728631115087774e+05 1.061266444466970861e+05
-1.172934903210167540e+05 1.058701605780171230e+05
-1.173266182617993327e+05 1.055691957981712185e+05
-1.173681199869839475e+05 1.054002181953233667e+05
-1.173869956948682666e+05 1.049882353419642895e+05
-1.174043707672605524e+05 1.045427481938004494e+05
-1.173373709308539983e+05 1.041337520676436834e+05
-1.173557459892474581e+05 1.039067594872927293e+05
-1.175846204407059122e+05 1.038532801497592591e+05
-1.178249949163426645e+05 1.038798000289890915e+05
-1.180806191869154572e+05 1.038218222525948659e+05
-1.184316180103039369e+05 1.037273516362207010e+05
-1.187551162928381236e+05 1.036318711359938607e+05
-1.187679912430607947e+05 1.036348715989901684e+05
-1.187819911480770679e+05 1.036348721039826050e+05
-1.187954910769256530e+05 1.036343725654752925e+05
-1.188092409770250088e+05 1.036338730606338941e+05
-1.188051160642277682e+05 1.036443729641465470e+05
-1.187942411533398554e+05 1.036523726164936088e+05
-1.187819912490755087e+05 1.036573722098381259e+05
-1.187698663472695043e+05 1.036623718031831086e+05
-1.189516155115574365e+05 1.037338787306547165e+05
-1.190201146031434182e+05 1.035893803326445632e+05
-1.191348634596985066e+05 1.034528835396189243e+05
-1.191443627375527285e+05 1.032503825869192369e+05
-1.190882371723769465e+05 1.029953790530362166e+05
-1.190117365768050076e+05 1.027123747328021564e+05
-1.189521115151179256e+05 1.025268716904851608e+05
-1.187806138317353325e+05 1.022488651456227526e+05
-1.185927404223046033e+05 1.021443588821063749e+05
-1.186881164227654226e+05 1.018548611672660336e+05
-1.187857416594899260e+05 1.016968634463981725e+05
-1.188027424651625333e+05 1.015213633277146146e+05
-1.186114948983406648e+05 1.013008576780664735e+05
-1.183413729012184776e+05 1.011378479073741473e+05
-1.181674989254777320e+05 1.011923415726935491e+05
-1.180978745424366789e+05 1.011778391328812577e+05
-1.180341263185925782e+05 1.009598379426687025e+05
-1.180013783341111848e+05 1.006648384700156748e+05
-1.180253794457864715e+05 1.004433403082541190e+05
-1.180691306765642948e+05 1.001743426599348895e+05
-1.181585055827017641e+05 1.000553451001057401e+05
-1.182142562415007269e+05 9.985634677487052977e+04
-1.182886311219561612e+05 9.976534858741378412e+04
-1.182196331988520687e+05 9.949934975244849920e+04
-1.181306348150671693e+05 9.934834964429074898e+04
-1.180635113565147622e+05 9.917135023676138371e+04
-1.181445116029300261e+05 9.899935311586968601e+04
-1.180523884270136477e+05 9.881335346400132403e+04
-1.179336407037706813e+05 9.858835398775571957e+04
-1.177831424234191654e+05 9.851285267119575292e+04
-1.177146431971685961e+05 9.848085210917051882e+04
-1.176022693199913483e+05 9.845235090899188071e+04
-1.175442707379087806e+05 9.828785198296839371e+04
-1.174031472042793175e+05 9.824185070793889463e+04
-1.172280234396174783e+05 9.829484784503793344e+04
-1.172126472955767531e+05 9.852934471383271739e+04
-1.172533965147148119e+05 9.860634434291953221e+04
-1.171682716921638930e+05 9.870684187556290999e+04
-1.170638971643381519e+05 9.878933932352159172e+04
-1.170392730266741710e+05 9.866634057403961197e+04
-1.168715268646894256e+05 9.822734419452119619e+04
-1.167749024556201184e+05 9.827184234276274219e+04
-1.165572802117238753e+05 9.811234189910069108e+04
-1.164290315273186425e+05 9.807484092590911314e+04
-1.164205319661364192e+05 9.800634183432301506e+04
-1.161231607460571686e+05 9.777884200591361150e+04
-1.159969123703161022e+05 9.767434234096482396e+04
-1.155347872367048403e+05 9.783682829984696582e+04
-1.152785377181768417e+05 9.780832248740410432e+04
-1.151869142490987433e+05 9.754482599090645090e+04
-1.151661656253061956e+05 9.729383105323230848e+04
-1.148685394513843348e+05 9.661932819039560854e+04
-1.146635402001565089e+05 9.667182437500823289e+04
-1.146891642228232231e+05 9.651632411101460457e+04
-1.146044148453077069e+05 9.658782279027672485e+04
-1.144412904413347133e+05 9.662831978253135458e+04
-1.145510393005511723e+05 9.646832118067471310e+04
-1.147535368193023605e+05 9.615082358846999705e+04
-1.147754106335515389e+05 9.596982312595192343e+04
-1.146792851569987833e+05 9.583082056051027030e+04
-1.144717841059620259e+05 9.547981486922502518e+04
-1.141316592508087633e+05 9.515280682200007141e+04
-1.139814088544059778e+05 9.486680267842672765e+04
-1.138734095246151555e+05 9.485830059228232130e+04
-1.137535347592766630e+05 9.471779769434407353e+04
-1.136386600249429466e+05 9.456879489856213331e+04
-1.135445359680376714e+05 9.465229351083748043e+04
-1.133707871294200886e+05 9.464429022254515439e+04
-1.131055388478640234e+05 9.472028959630150348e+04
-1.131356643393468112e+05 9.500629067625431344e+04
-1.130435399514485616e+05 9.507829047633334994e+04
-1.127675411554722814e+05 9.501328906328557059e+04
-1.127650409043066902e+05 9.484378872594516724e+04
-1.127862905142516829e+05 9.466278843175806105e+04
-1.125160420333601069e+05 9.464078759508067742e+04
-1.124086675475306110e+05 9.445378721655579284e+04
-1.124616671422593063e+05 9.438178728181216866e+04
-1.125377919561341405e+05 9.419878735228441656e+04
-1.126646666234815493e+05 9.404978755279025063e+04
-1.127202917411635863e+05 9.390678766930429265e+04
-1.127402916968520731e+05 9.388378768827952445e+04
-1.126041675882365089e+05 9.387778750294260681e+04
-1.123884190345702227e+05 9.386728719543619081e+04
-1.123286699804095551e+05 9.369678714142367244e+04
-1.123031706572057446e+05 9.354328711876180023e+04
-1.122086718285883544e+05 9.337578702275315300e+04
-1.119939235639187973e+05 9.327378676731558517e+04
-1.116533011902278522e+05 9.313978635384701192e+04
-1.115829265231068712e+05 9.318128626105887815e+04
-1.115269268357096007e+05 9.319028620240278542e+04
-1.112819283800942358e+05 9.320328588575450704e+04
-1.110814293520344654e+05 9.329928558552684262e+04
-1.108413058912993874e+05 9.330128525453386828e+04
-1.108626810423614224e+05 9.321878534894529730e+04
-1.108284313114044489e+05 9.320078529792744666e+04
-1.108021811654622434e+05 9.329428521786071360e+04
-1.107224310109636281e+05 9.342878550649853423e+04
-1.106720557272064034e+05 9.353178594993380830e+04
-1.104680560243197251e+05 9.348478792085452005e+04
-1.104083055225140415e+05 9.363828848217520863e+04
-1.102539304489770439e+05 9.368829000420495868e+04
-1.102136804653509753e+05 9.369229041953617707e+04
-1.101728055030988762e+05 9.369479080536635593e+04
-1.101594299707177561e+05 9.384629099069070071e+04
-1.101730543633662164e+05 9.402029091154225171e+04
-1.100285542147158412e+05 9.408529242558823898e+04
-1.099943037431034027e+05 9.422529285606322810e+04
-1.099556782864443958e+05 9.435479304636362940e+04
-1.100546775402268395e+05 9.452579014758765697e+04
-1.100308016330068931e+05 9.473628805934172124e+04
-1.099606760281502502e+05 9.487728699450660497e+04
-1.099196754237826681e+05 9.500728578066220507e+04
-1.097104250116511248e+05 9.506678631121711805e+04
-1.096127992362679215e+05 9.520928493922157213e+04
-1.095697975825805916e+05 9.553778055946761742e+04
-1.093724213940148475e+05 9.571027846451429650e+04
-1.092504204758997075e+05 9.584077658718032762e+04
-1.093331699150789063e+05 9.597477440835488960e+04
-1.094957949825413525e+05 9.603327353892987594e+04
-1.096751699081070255e+05 9.613177224421966821e+04
-1.097791699335498270e+05 9.618027171677909791e+04
-1.097855448905989761e+05 9.619577155029773712e+04
-1.097856697920588776e+05 9.621227133615175262e+04
-1.097787946905114222e+05 9.622877108833985403e+04
-1.097711696078795940e+05 9.624427088819257915e+04
-1.097627945104972459e+05 9.625877070204401389e+04
-1.097549194229486166e+05 9.627477047806419432e+04
-1.097477943501505069e+05 9.629077025408437476e+04
-1.097412942559783114e+05 9.630627002027072012e+04
-1.097367941674749600e+05 9.632326981595857069e+04
-1.097464191211108118e+05 9.633626966764125973e+04
-1.097602941246670671e+05 9.634476956548495218e+04
-1.097751691478907596e+05 9.634676957115391269e+04
-1.097861692295678658e+05 9.633676974480738863e+04
-1.097946692957425257e+05 9.632426990295853466e+04
-1.098035443692924455e+05 9.631327005694434047e+04
-1.098125444789669709e+05 9.630027023892803118e+04
-1.098217945598921506e+05 9.628477047274122015e+04
-1.098300446548161563e+05 9.626927067288849503e+04
-1.098382947497401619e+05 9.625377087303576991e+04
-1.098467948495809687e+05 9.623877108301687986e+04
-1.098555449206724297e+05 9.622477127899928018e+04
-1.098640450205132365e+05 9.620977145531401038e+04
-1.098726700891463552e+05 9.619327166945999488e+04
-1.098805452103611315e+05 9.617777186960726976e+04
-1.098886702691605315e+05 9.616177209358708933e+04
-1.098946703871651553e+05 9.614527227406715974e+04
-1.099045454803825123e+05 9.613027248404780403e+04
-1.099196705421891529e+05 9.612227259603794664e+04
-1.099359205587893957e+05 9.612677254987647757e+04
-1.099504205409716815e+05 9.613627246738784015e+04
-1.099602954995244509e+05 9.614977229523798451e+04
-1.099714205499937525e+05 9.615027230507181957e+04
-1.099854206233407604e+05 9.613977243522554636e+04
-1.099986706819372484e+05 9.612927256537880749e+04
-1.100127957577427151e+05 9.611877269553253427e+04
-1.100267958647558698e+05 9.610777284951880574e+04
-1.100407959381028777e+05 9.609727297967253253e+04
-1.100541709991578246e+05 9.608677310982579365e+04
-1.100681710725048324e+05 9.607627320631360635e+04
-1.100775460885561770e+05 9.608377315182238817e+04
-1.100635459815429058e+05 9.609477303150203079e+04
-1.100494209057375556e+05 9.610527290134876966e+04
-1.100352958299320890e+05 9.611577277119504288e+04
-1.100212957565849647e+05 9.612677261720877141e+04
-1.100077956930716755e+05 9.613677251088758931e+04
-1.099937956197246676e+05 9.614727238073432818e+04
-1.099796705102530541e+05 9.615827222674805671e+04
-1.099662954491982237e+05 9.617077206859691069e+04
-1.100971702625475591e+05 9.629077092740777880e+04
-1.103247954637433868e+05 9.639927036803076044e+04
-1.107422959990098607e+05 9.660377018174948171e+04
-1.112590453216492897e+05 9.670027504227869213e+04
-1.114255447246675612e+05 9.696227591954218224e+04
-1.113586689480668865e+05 9.715727009250223637e+04
-1.112446676149663981e+05 9.732225812052283436e+04
-1.113402914657096844e+05 9.746175093261152506e+04
-1.113165400222894968e+05 9.763923940847162157e+04
-1.110126631194553338e+05 9.784271974348183721e+04
-1.108485344202123815e+05 9.824568814538139850e+04
-1.104421579254304525e+05 9.815368222870631143e+04
-1.103446558058592491e+05 9.830566707209404558e+04
-1.101992787546947366e+05 9.841015340524306521e+04
-1.101694027294702828e+05 9.848964564327662811e+04
-1.101436511793829268e+05 9.862113351743109524e+04
-1.100752742622977821e+05 9.875211939544789493e+04
-1.099557725853633601e+05 9.882410774903185666e+04
-1.098602715487780515e+05 9.884960107965907082e+04
-1.098838977877426660e+05 9.875461079241288826e+04
-1.099103999585715355e+05 9.857562807763088495e+04
-1.097344002677142853e+05 9.843963385306764394e+04
-1.094786497490351321e+05 9.833513486144179478e+04
-1.093636495409167837e+05 9.828863566388050094e+04
-1.090605237974826014e+05 9.819363598377536982e+04
-1.089377734032755252e+05 9.816613524092407897e+04
-1.088858982246817322e+05 9.815463498108275235e+04
-1.088310228860871866e+05 9.815313350393669680e+04
-1.087900227193796309e+05 9.814613306326931342e+04
-1.086821481563841226e+05 9.806613926675822586e+04
-1.084993979624439962e+05 9.800414168332330883e+04
-1.082858979043859290e+05 9.792164645733125508e+04
-1.081070217093398096e+05 9.788364385832985863e+04
-1.079557698456246872e+05 9.787713645860087126e+04
-1.077800179040514631e+05 9.785513003334030509e+04
-1.075906398191893240e+05 9.789311425061756745e+04
-1.074438863270032452e+05 9.798209260303620249e+04
-1.073528827192945173e+05 9.811606645390298218e+04
-1.071622547108465806e+05 9.813505157681321725e+04
-1.070317516392548569e+05 9.820103247316926718e+04
-1.069052476026817458e+05 9.831600470470730215e+04
-1.067314920981640462e+05 9.846396677843248472e+04
-1.065896131968642585e+05 9.855044080608012155e+04
-1.063896086910539307e+05 9.861741313723288476e+04
-1.062407333216938423e+05 9.852891860122373328e+04
-1.060483560868157074e+05 9.849791041664732620e+04
-1.058837288253840525e+05 9.848790035578748211e+04
-1.056986002854498802e+05 9.851888032812066376e+04
-1.056087263121311553e+05 9.840639548727450892e+04
-1.056139806909877807e+05 9.823493332169251516e+04
-1.056834854244901799e+05 9.808397065030643716e+04
-1.057372388045795960e+05 9.797249707362568006e+04
-1.058421139818960801e+05 9.802399246424902231e+04
-1.059374929449791089e+05 9.790752148252399638e+04
-1.059434966315968195e+05 9.775105335004720837e+04
-1.059276232383475872e+05 9.767106874439865351e+04
-1.059389990007231245e+05 9.764407471094746143e+04
-1.060121268528826768e+05 9.755809520554915071e+04
-1.059753783520712750e+05 9.747261072739260271e+04
-1.060518802269573789e+05 9.742912242933781818e+04
-1.061310080961228814e+05 9.733964298976818100e+04
-1.062527614669509931e+05 9.724766498234122992e+04
-1.063610149425965501e+05 9.713818912203004584e+04
-1.065828931279915851e+05 9.706120070377504453e+04
-1.066746444274856476e+05 9.702120476500503719e+04
-1.067546451255597640e+05 9.703570669982489198e+04
-1.068820214523827890e+05 9.703121065126080066e+04
-1.069686484590691980e+05 9.690071734285587445e+04
-1.070313991882079281e+05 9.689221943131554872e+04
-1.070977768066137796e+05 9.665972842610161752e+04
-1.070811531292846194e+05 9.648273336150730029e+04
-1.071015299103211146e+05 9.629523960538208485e+04
-1.070480310800804291e+05 9.609974424427282065e+04
-1.070226569276659284e+05 9.597024765625130385e+04
-1.069914093093471602e+05 9.565775662628654391e+04
-1.070237857877342030e+05 9.551626165389502421e+04
-1.070664125687108608e+05 9.535126753229927272e+04
-1.071559151705997065e+05 9.512677597743552178e+04
-1.072227915195251117e+05 9.502928001877153292e+04
-1.072297937444990966e+05 9.476728782737767324e+04
-1.073351708169543417e+05 9.461079394028754905e+04
-1.074302959708442213e+05 9.467779340636637062e+04
-1.075411712998314761e+05 9.473979334643250331e+04
-1.077285486047031591e+05 9.462429922205582261e+04
-1.078225509247677401e+05 9.441130600806232542e+04
-1.079060520956717664e+05 9.433130877760285512e+04
-1.078774288556567626e+05 9.389680750399641693e+04
-1.076149312005109387e+05 9.303730319098616019e+04
-1.073788071787883528e+05 9.256330050085904077e+04
-1.072278073399597779e+05 9.236779911350645125e+04
-1.069168074516295455e+05 9.204579675320163369e+04
-1.066856821142653935e+05 9.190079521440481767e+04
-1.063991812264759792e+05 9.181879343334492296e+04
-1.061526802163973916e+05 9.179179189233947545e+04
-1.059753047915080097e+05 9.172679091695230454e+04
-1.056081792706695851e+05 9.149028872323548421e+04
-1.054559276229500538e+05 9.149578014553664252e+04
-1.052976756552291336e+05 9.145976822667708620e+04
-1.050192982102632523e+05 9.126374831310193986e+04
-1.048052971660528565e+05 9.104423467057477683e+04
-1.045972968795041088e+05 9.079472313131764531e+04
-1.044049223042527447e+05 9.053821418134728447e+04
-1.042406740901357261e+05 9.021270942924171686e+04
-1.041433012822916498e+05 8.993170888528600335e+04
-1.039358012749059126e+05 8.982620017813844606e+04
-1.038496769376799930e+05 8.973169788190629333e+04
-1.038446787919801427e+05 8.957170113168889657e+04
-1.038471804907906335e+05 8.942820440298784524e+04
-1.038815570758448448e+05 8.930020868612173945e+04
-1.039480596630430082e+05 8.908371594195114449e+04
-1.040300618144307518e+05 8.889672276798449457e+04
-1.041015643989675445e+05 8.865672797931917012e+04
-1.041963171377765248e+05 8.839123322779359296e+04
-1.042409442274173489e+05 8.818423612553114071e+04
-1.041974453581877751e+05 8.808023559509590268e+04
-1.042186968534378102e+05 8.793123727691313252e+04
-1.041955742265860317e+05 8.770723825799534097e+04
-1.041698261104472913e+05 8.753073892763210461e+04
-1.041358274617244024e+05 8.741173904483811930e+04
-1.040879539104438154e+05 8.728823897254187614e+04
-1.041125801690758672e+05 8.716374049655394629e+04
-1.040422057039518841e+05 8.713573930620914325e+04
-1.039952076075403020e+05 8.697723979120096192e+04
-1.039469595538767753e+05 8.681724038135632873e+04
-1.038804615116105415e+05 8.666974074602825567e+04
-1.038352128099598922e+05 8.657524100842466578e+04
-1.037782135742215905e+05 8.653374059622036293e+04
-1.037569644019367406e+05 8.647074100681440905e+04
-1.037463406069490593e+05 8.637024199286010116e+04
-1.036738427496736404e+05 8.622224281902471557e+04
-1.035837199834198691e+05 8.607974358502915129e+04
-1.033992255119753536e+05 8.587574499312601984e+04
-1.033194786230945028e+05 8.575274620997766033e+04
-1.032163578231309075e+05 8.558474798943987116e+04
-1.031163616133016767e+05 8.543224960242118686e+04
-1.030132406786733773e+05 8.526625145488511771e+04
-1.029624928115045186e+05 8.517775250860909000e+04
-1.029116200428756420e+05 8.507625350865349174e+04
-1.027672485999614000e+05 8.485025182443996891e+04
-1.026961253657346824e+05 8.473825127132982016e+04
-1.026300022971775616e+05 8.462175116837490350e+04
-1.024507556060218485e+05 8.439974956283112988e+04
-1.022100084123087581e+05 8.418224669914413244e+04
-1.017538853830056032e+05 8.393473950849054381e+04
-1.013178857632059371e+05 8.377473225443018600e+04
-1.010263858207303565e+05 8.368072777973162010e+04
-1.007405135811786167e+05 8.347122860833117738e+04
-1.003603898582995171e+05 8.328172632899833843e+04
-1.002047635818625567e+05 8.309772284485632554e+04
-9.995788328880607150e+04 8.287621468424471095e+04
-9.978287903901829850e+04 8.273270930334040895e+04
-9.954549559985240921e+04 8.277369674423849210e+04
-9.947924308490345720e+04 8.280219275982864201e+04
-9.939861559023067821e+04 8.277918944585416466e+04
-9.928698745220142882e+04 8.270268619065545499e+04
-9.920135982552543283e+04 8.266318325915746391e+04
-9.913398336576775182e+04 8.254618361769523472e+04
-9.907323206997301895e+04 8.243118435222934932e+04
-9.906810764250066131e+04 8.232518741840450093e+04
-9.907948380887019448e+04 8.221519131489656866e+04
-9.894222979653533548e+04 8.205519062573788688e+04
-9.890372839968232438e+04 8.205168917658925056e+04
-9.877409839266212657e+04 8.207168320703320205e+04
-9.870447087866789661e+04 8.205618088221875951e+04
-9.831008078310266137e+04 8.213816158826136962e+04
-9.811319857812777627e+04 8.207015617727069184e+04
-9.801056967445288319e+04 8.211864992658235133e+04
-9.789056519339326769e+04 8.212664463000325486e+04
-9.785631401479139458e+04 8.197364993642875925e+04
-9.790706605656445026e+04 8.183665794783039019e+04
-9.788519028967781924e+04 8.177215991123300046e+04
-9.788406533488433342e+04 8.163666579750133678e+04
-9.787469018416828476e+04 8.138367654373962432e+04
-9.796594409978936892e+04 8.127368431184021756e+04
-9.799319547738076653e+04 8.111419194805715233e+04
-9.802382202234829310e+04 8.097119889880204573e+04
-9.809132526887091808e+04 8.080620767249586061e+04
-9.823645689371658955e+04 8.074021425232756883e+04
-9.832983628879091702e+04 8.067121939284401014e+04
-9.838858791557862423e+04 8.055572469614259899e+04
-9.843146591345395427e+04 8.065022278410429135e+04
-9.852547038815286942e+04 8.059722712831664830e+04
-9.862647126357979141e+04 8.049523165347427130e+04
-9.875285006203129888e+04 8.044523561902856454e+04
-9.883785233975364827e+04 8.040373837144346908e+04
-9.877359457855217624e+04 8.029023866415256634e+04
-9.892047630514809862e+04 8.028174240225413814e+04
-9.886060080088407267e+04 8.033973997435206547e+04
-9.911348760851577390e+04 8.033274630058277398e+04
-9.916273642250231933e+04 8.024074893511272967e+04
-9.890434927103656810e+04 8.025024252338567749e+04
-9.879509059113461990e+04 8.016874118981976062e+04
-9.897584798396471888e+04 8.013174615170620382e+04
-9.913647647970705293e+04 8.001675180150009692e+04
-9.926710583307140041e+04 7.995775582571048290e+04
-9.954023957135388628e+04 7.981176443442702293e+04
-9.961798961918533314e+04 7.969626795341912657e+04
-9.987774890240386594e+04 7.956027584982337430e+04
-9.994124769365577959e+04 7.941477931745117530e+04
-1.000961291399310576e+05 7.934728371314750984e+04
-1.004231393417902291e+05 7.930528962034778669e+04
-1.006391361160668312e+05 7.910729367141099647e+04
-1.006886330833312823e+05 7.896529552456643432e+04
-1.007567566962157143e+05 7.887429689944954589e+04
-1.008250041332428809e+05 7.872779876510053873e+04
-1.009163799877016572e+05 7.870679946306766942e+04
-1.011165054896972142e+05 7.858430146407475695e+04
-1.012045061094475677e+05 7.854330217268737033e+04
-1.012545069244882325e+05 7.854230242234934121e+04
-1.013353814614556031e+05 7.844080342239374295e+04
-1.014786325955066131e+05 7.835680446362262592e+04
-1.015528839211484883e+05 7.835180473561352119e+04
-1.015323814306642162e+05 7.821880538546340540e+04
-1.017311354405640159e+05 7.821980587645713240e+04
-1.017280093691184884e+05 7.814580617170780897e+04
-1.018070096435311716e+05 7.803980674658715725e+04
-1.017823826105772750e+05 7.792480717812571675e+04
-1.018656310159391724e+05 7.775130871475255117e+04
-1.019571258466134313e+05 7.760181277703400701e+04
-1.020337446777451551e+05 7.743681727512553334e+04
-1.021510026396663161e+05 7.753431461410177872e+04
-1.022050024560594466e+05 7.750031556138489395e+04
-1.022953877173759975e+05 7.766431100995978341e+04
-1.024536474956466118e+05 7.780755766641115770e+04
-1.028443893239320023e+05 7.737831901987083256e+04
-1.026076332873557694e+05 7.738981864005513489e+04
-1.025774992446678225e+05 7.721082363712461665e+04
-1.023134841882814653e+05 7.705482787456270307e+04
-1.022883506479247008e+05 7.689183237832318991e+04
-1.024266001013289206e+05 7.678783534916862845e+04
-1.027132287185358582e+05 7.666383907131524757e+04
-1.029459798285150900e+05 7.657234201867412776e+04
-1.033308519615064142e+05 7.644184669029945508e+04
-1.035341015149778686e+05 7.639334856438683346e+04
-1.037327277617939981e+05 7.638684924453636631e+04
-1.038709778885215055e+05 7.636185030149435624e+04
-1.040119801566364476e+05 7.639484973853733391e+04
-1.041501077048692387e+05 7.643884885326400399e+04
-1.042692367983920267e+05 7.653384651339938864e+04
-1.043328659113558242e+05 7.664484357922710478e+04
-1.043178691176252905e+05 7.674284082703897730e+04
-1.043528727012751624e+05 7.684533806235529482e+04
-1.042612544504521647e+05 7.705483198183448985e+04
-1.041918847519243136e+05 7.721382733207242563e+04
-1.040716420491044410e+05 7.742582109872298315e+04
-1.040412730166078545e+05 7.759281633697077632e+04
-1.040704043463353300e+05 7.779981155392806977e+04
-1.040682799105329905e+05 7.805131222468381748e+04
-1.040826552942506969e+05 7.824331280254432932e+04
-1.041084054640254471e+05 7.834631317864777520e+04
-1.041312806445885217e+05 7.846031356909545138e+04
-1.041785307995527983e+05 7.856731402386864647e+04
-1.042294059248130070e+05 7.867381450247392058e+04
-1.043175310420293827e+05 7.879781515692826360e+04
-1.055175287873310735e+05 7.882431954972399399e+04
-1.058024030945174163e+05 7.876782130013778806e+04
-1.062102774978323141e+05 7.885182426518201828e+04
-1.066295265862055821e+05 7.882782702511548996e+04
-1.066101515754769789e+05 7.876832676388975233e+04
-1.067455261743343435e+05 7.862282740355981514e+04
-1.069642758643201087e+05 7.869432901177788153e+04
-1.071329005447947420e+05 7.865533009638730437e+04
-1.075582747872972395e+05 7.864533299699984491e+04
-1.077336495668608695e+05 7.854683408971270546e+04
-1.078708994045916479e+05 7.848533496746793389e+04
-1.082451496952326270e+05 7.832533872224250808e+04
-1.086122755863989005e+05 7.827034366677701473e+04
-1.087989015635397518e+05 7.812434604725334793e+04
-1.088429022269095294e+05 7.798934652310376987e+04
-1.091550286186768208e+05 7.791285064079426229e+04
-1.092730283471388975e+05 7.802835237372387201e+04
-1.093017779025926720e+05 7.811535290647437796e+04
-1.093371525210107211e+05 7.819385347404889762e+04
-1.096745286013926379e+05 7.815435801643878222e+04
-1.100952814898771467e+05 7.793886340663023293e+04
-1.105084095650592353e+05 7.776486870403401554e+04
-1.109411619825635571e+05 7.759087440543109551e+04
-1.111256622109217569e+05 7.744737835005391389e+04
-1.111815368958604522e+05 7.736838036494003609e+04
-1.114814102187440731e+05 7.694039147365465760e+04
-1.118340359930633567e+05 7.670239871062804013e+04
-1.121914121301323175e+05 7.649640539864310995e+04
-1.124792880112981657e+05 7.632841098238201812e+04
-1.125804122732077958e+05 7.616741545814462006e+04
-1.125566595504735596e+05 7.592492122630216181e+04
-1.126792851105530281e+05 7.587042328538000584e+04
-1.129499132110840874e+05 7.593192338394373655e+04
-1.129971638710408006e+05 7.595292315730266273e+04
-1.129755387823942583e+05 7.596442274382105097e+04
-1.129881642663587118e+05 7.599742201253352687e+04
-1.130046643215420190e+05 7.598892231668671593e+04
-1.130164145863003796e+05 7.600542196787614375e+04
-1.130331649157298962e+05 7.602242162889894098e+04
-1.130576651619187323e+05 7.602292177339736372e+04
-1.130780404616440646e+05 7.603492157174646854e+04
-1.132305418786172522e+05 7.604042238690657541e+04
-1.137076667012490798e+05 7.593093127582408488e+04
-1.143486667505922960e+05 7.580794245785987005e+04
-1.146436682432148373e+05 7.589494413525983691e+04
-1.149652941821656423e+05 7.592144765273528174e+04
-1.152217958939109230e+05 7.603494833634514362e+04
-1.154102969415943371e+05 7.610094926406722516e+04
-1.154347970531185856e+05 7.610594946340285242e+04
-1.154465472842109157e+05 7.612544917359482497e+04
-1.154892979566626018e+05 7.618194846683181822e+04
-1.156320507978542009e+05 7.642944474964868277e+04
-1.157546772332538385e+05 7.654144388878019527e+04
-1.157881793397576548e+05 7.673743993304669857e+04
-1.158571797878238140e+05 7.679593956861365587e+04
-1.158968084961017594e+05 7.716993174079293385e+04
-1.158911860114331357e+05 7.740592641712212935e+04
-1.160071883265209617e+05 7.767492211280437186e+04
-1.162705534576555947e+05 7.808991993927536532e+04
-1.166541757007272681e+05 7.820442367250705138e+04
-1.168817991849487880e+05 7.828292572139250115e+04
-1.170289233752413420e+05 7.833292700775945559e+04
-1.172036717622001888e+05 7.844892770687164739e+04
-1.173060445000506006e+05 7.862692642707889900e+04
-1.174326692971457960e+05 7.866842754627251998e+04
-1.177762943221335299e+05 7.875393091114563867e+04
-1.179044161187752616e+05 7.916542624481720850e+04
-1.176339156803293154e+05 7.905192438289197162e+04
-1.177327877096866723e+05 7.939692039498267695e+04
-1.181280406353104627e+05 7.942642511610966176e+04
-1.183219210306426976e+05 7.876043820987641811e+04
-1.183154203978120349e+05 7.886843642868380994e+04
-1.185091673068130622e+05 7.894393774524377659e+04
-1.183474180308813229e+05 7.931892970142746344e+04
-1.188086511122056982e+05 7.961943153788428754e+04
-1.193362522170799784e+05 7.975843753727432340e+04
-1.194678707832738291e+05 7.985893830186920241e+04
-1.193201273376027821e+05 7.985043611472612247e+04
-1.193953724210059736e+05 8.010043416368635371e+04
-1.197009848818086321e+05 7.994594095558766276e+04
-1.197604830220660660e+05 7.983694312110682949e+04
-1.207019375059101731e+05 8.026945442156121135e+04
-1.202089682092621224e+05 8.112393116464605555e+04
-1.202895918323262595e+05 8.123243016760889441e+04
-1.204229646075422643e+05 8.138242890945309773e+04
-1.202657258229579311e+05 8.180591885688435286e+04
-1.203381034247037023e+05 8.211441354512330145e+04
-1.205097263125416357e+05 8.223241256659617648e+04
-1.207634609687898774e+05 8.175842489157710224e+04
-1.216087068543280475e+05 8.229691565311793238e+04
-1.215618348040259443e+05 8.239741355608915910e+04
-1.217062106572072953e+05 8.254291089644934982e+04
-1.215793467293655267e+05 8.295090225601010025e+04
-1.220019579226442147e+05 8.264590965657681227e+04
-1.221993289939532988e+05 8.261591071619559079e+04
-1.225090714848098578e+05 8.249391336669353768e+04
-1.229734364281597082e+05 8.235241607133718207e+04
-1.230063153403440956e+05 8.260741293931985274e+04
-1.231361932313129073e+05 8.290640973001765087e+04
-1.230275718855183804e+05 8.300640802714880556e+04
-1.231734447382463841e+05 8.303440840950561687e+04
-1.234015679966384778e+05 8.353840795271191746e+04
-1.232051963053396903e+05 8.370040713256178424e+04
-1.232129462220991263e+05 8.383240713636809960e+04
-1.230405737235045526e+05 8.402840671558165923e+04
-1.229730744832551572e+05 8.421840674911485985e+04
-1.231941964929919923e+05 8.434890712741389871e+04
-1.232636955705792643e+05 8.426740724149299785e+04
-1.235733161899304250e+05 8.409890793380420655e+04
-1.237799399344591657e+05 8.401941041018301621e+04
-1.238008145033627516e+05 8.384991094816289842e+04
-1.242916879804459168e+05 8.340041877240361646e+04
-1.246098118642570917e+05 8.320942306213779375e+04
-1.247640616323401919e+05 8.320442521943338215e+04
-1.249479336501208600e+05 8.298742744917050004e+04
-1.251184329634779133e+05 8.295842950477590784e+04
-1.251179303950159810e+05 8.279242913527274504e+04
-1.253646797603694722e+05 8.277343179154582322e+04
-1.252349287234980147e+05 8.269493011298822239e+04
-1.259411667580070207e+05 8.198943121905950829e+04
-1.247162918401699280e+05 8.187492533119348809e+04
-1.245810324132516980e+05 8.124692587418854237e+04
-1.289762843207836850e+05 8.113147558315424249e+04
-1.289755489844796248e+05 8.176102028331579641e+04
-1.290855668363280129e+05 8.255257103122398257e+04
-1.293529415736561641e+05 8.260706132992729545e+04
-1.294806876222670544e+05 8.246554538351669908e+04
-1.295834381954503478e+05 8.251554360626311973e+04
-1.299536890470788348e+05 8.264653338955482468e+04
-1.303566949530827114e+05 8.302253519592480734e+04
-1.305525901335285744e+05 8.351859999514371157e+04
-1.306599655956767965e+05 8.353409767402801663e+04
-1.305962265963611426e+05 8.376013969030324370e+04
-1.307981067113726167e+05 8.386514970059739426e+04
-1.309202382205290487e+05 8.399266755996458232e+04
-1.310592478221985511e+05 8.417369512374233454e+04
-1.314726879826997174e+05 8.299647570145642385e+04
-1.317503087470148457e+05 8.275546355505054817e+04
-1.321180527152438881e+05 8.239894600610388443e+04
-1.329865532999860588e+05 8.228744108622660860e+04
-1.335830526424595155e+05 8.214293477666843683e+04
-1.346030547591721406e+05 8.187343610853049904e+04
-1.355934351648457814e+05 8.165594876494398341e+04
-1.358579357882825425e+05 8.154494981381110847e+04
-1.362083123936703196e+05 8.144095315498439595e+04
-1.366376898457955103e+05 8.132345895760646090e+04
-1.370851977716494584e+05 8.132348504888173193e+04
-1.372883249822892249e+05 8.124899263985594735e+04
-1.375134521542862058e+05 8.116099999898578972e+04
-1.376649538209212478e+05 8.111700549652380869e+04
-1.379002074376989622e+05 8.110251729749795049e+04
-1.382952141963482136e+05 8.110903920734301209e+04
-1.386600938812050736e+05 8.105305429939087480e+04
-1.389209726316328160e+05 8.103306642985437065e+04
-1.391173485985341249e+05 8.095206924705998972e+04
-1.393615976117237005e+05 8.081306580629805103e+04
-1.395929730550032109e+05 8.075356716104783118e+04
-1.397653489202139899e+05 8.073006993081513792e+04
-1.399761002035007114e+05 8.071107410206552595e+04
-1.401844764400772983e+05 8.069357806715462357e+04
-1.403532270656629698e+05 8.067157989010401070e+04
-1.407456032514347462e+05 8.062258323566848412e+04
-1.410251033282288117e+05 8.057708271112851799e+04
-1.411751046623673756e+05 8.058008704573335126e+04
-1.413419794430886395e+05 8.055158581188833341e+04
-1.415129780592899770e+05 8.050358028925349936e+04
-1.416834771706501488e+05 8.046707644043955952e+04
-1.418216011166035896e+05 8.043607195914071053e+04
-1.419216005247181747e+05 8.042006878283806145e+04
-1.419409754344482208e+05 8.041756832967558876e+04
-1.420239760905260919e+05 8.042506999215856194e+04
-1.420434765750394436e+05 8.043307163080899045e+04
-1.421088523558051093e+05 8.044407386712031439e+04
-1.422276021663501160e+05 8.043457213163655251e+04
-1.424227274353438988e+05 8.042857123931031674e+04
-1.426461010716420133e+05 8.038256390437157825e+04
-1.428628496113095898e+05 8.032455586209753528e+04
-1.430225972319308203e+05 8.022454510848643258e+04
-1.431330962068962399e+05 8.015804063598345965e+04
-1.433475970589434728e+05 8.014354142812266946e+04
-1.438462242570623057e+05 8.011904387522675097e+04
-1.445732236748391297e+05 8.008302973440103233e+04
-1.449879688031004043e+05 8.011999945556093007e+04
-1.453217154355868697e+05 8.017847720812307671e+04
-1.456493384962538257e+05 8.042446602121740580e+04
-1.458454617986114463e+05 8.061696017867513001e+04
-1.459139614961884217e+05 8.074246116562606767e+04
-1.460282106122389669e+05 8.090045976181421429e+04
-1.460579605576879112e+05 8.097596117937285453e+04
-1.460845855426746421e+05 8.104846267259353772e+04
-1.461093355581172509e+05 8.112296440714644268e+04
-1.461894599793355446e+05 8.127096496129455045e+04
-1.462424596077305032e+05 8.137296545239491388e+04
-1.462610845363761764e+05 8.142446639793505892e+04
-1.463417088327636011e+05 8.157296655792277306e+04
-1.463775835283477791e+05 8.164446681949449703e+04
-1.464150831212267512e+05 8.170946658289991319e+04
-1.464963322279093554e+05 8.185096596555877477e+04
-1.465872063555601053e+05 8.204946704158559442e+04
-1.466407060947872233e+05 8.224347126106079668e+04
-1.466609562573895091e+05 8.238597615097137168e+04
-1.467127059285325231e+05 8.258198040978098288e+04
-1.468104547537367325e+05 8.283048223351640627e+04
-1.468677037923949538e+05 8.291548026930214837e+04
-1.469325775770234177e+05 8.301897826494183391e+04
-1.466568336675573373e+05 8.303250758434971794e+04
-1.467889538595607737e+05 8.320600008881185204e+04
-1.470168244197431486e+05 8.318947626531869173e+04
-1.470611980031862622e+05 8.328747566776443273e+04
-1.470908212292024400e+05 8.344747901654988527e+04
-1.470809446546740364e+05 8.363648744695633650e+04
-1.471009426577250706e+05 8.383649333307938650e+04
-1.471428158216718584e+05 8.399899555271770805e+04
-1.471886883236328140e+05 8.423650035839667544e+04
-1.472121867321814643e+05 8.439900442967377603e+04
-1.472534357591563603e+05 8.447350326893664896e+04
-1.473408088753186166e+05 8.461150002413103357e+04
-1.474348070881114108e+05 8.474449597399914637e+04
-1.474866808190601878e+05 8.485749530112883076e+04
-1.475166796584426193e+05 8.498099722506385297e+04
-1.475719286577660823e+05 8.506449509668396786e+04
-1.475945527224289253e+05 8.517299716326734051e+04
-1.475855518384326715e+05 8.529550290547730401e+04
-1.476494258053906960e+05 8.538900033411476761e+04
-1.476917994504974922e+05 8.554450234874896705e+04
-1.477121733362440718e+05 8.568850605617882684e+04
-1.477119236006564461e+05 8.586901977333053946e+04
-1.477911750919678016e+05 8.607853392617264763e+04
-1.478209256434076233e+05 8.615853913551243022e+04
-1.478484264199250611e+05 8.626804751733597368e+04
-1.478853016738352599e+05 8.632154887253884226e+04
-1.478635521887211362e+05 8.636505585531331599e+04
-1.478810527012320235e+05 8.644056164947291836e+04
-1.478941781613639323e+05 8.650356655813241377e+04
-1.478771787360040471e+05 8.655607402090914547e+04
-1.478558045612607384e+05 8.663208450449910015e+04
-1.478691796896479791e+05 8.665858563167648390e+04
-1.479136800935223000e+05 8.674558899238472804e+04
-1.478594311811985681e+05 8.682060366457747295e+04
-1.479519310141322203e+05 8.689109889022354037e+04
-1.479736815092311008e+05 8.696960393539723009e+04
-1.480170571266426705e+05 8.708961009976500645e+04
-1.480469326468746876e+05 8.718561548911919817e+04
-1.480926830753333634e+05 8.729161942550539970e+04
-1.481433084650059463e+05 8.740762332290271297e+04
-1.482391843406357802e+05 8.764963185303052887e+04
-1.482874346835983451e+05 8.776663519777078182e+04
-1.483708100440559210e+05 8.795063858091412112e+04
-1.484466859976635315e+05 8.822014980653068051e+04
-1.484986855390586425e+05 8.825164369282219559e+04
-1.485438100125725614e+05 8.825913660210324451e+04
-1.485864343695855932e+05 8.824312797188246623e+04
-1.486376837952316273e+05 8.825962058684416115e+04
-1.486270592932546278e+05 8.831562700747326016e+04
-1.486691838424309390e+05 8.833262111357972026e+04
-1.486446846398931229e+05 8.840913157333713025e+04
-1.486908094360699179e+05 8.847862906861491501e+04
-1.487720586437509628e+05 8.857261967285489663e+04
-1.489675559574977960e+05 8.855108427086332813e+04
-1.490063052719656844e+05 8.871408020476298407e+04
-1.490420545610974077e+05 8.897807856273325160e+04
-1.492435513868579874e+05 8.915054610090237111e+04
-1.493967988796407590e+05 8.929802193425409496e+04
-1.495321716268592281e+05 8.940500030402513221e+04
-1.495987951429103268e+05 8.963349331787135452e+04
-1.497031696707359515e+05 8.978198990924609825e+04
-1.499205445020098705e+05 8.998548640401335433e+04
-1.501724194731513271e+05 9.025098522914480418e+04
-1.504051696068119491e+05 9.046848529854044318e+04
-1.505571697683035163e+05 9.062298678851453587e+04
-1.507206700213057920e+05 9.076098818963952363e+04
-1.509206704198444495e+05 9.091549042026931420e+04
-1.512022961444227258e+05 9.113899569125939161e+04
-1.515149220746974461e+05 9.125349706785986200e+04
-1.516354220543251140e+05 9.132599761842843145e+04
-1.518091725425847108e+05 9.132549552129255608e+04
-1.519245474550828803e+05 9.136649464434897527e+04
-1.521064225644817343e+05 9.140349315007729456e+04
-1.522664222099893959e+05 9.146498994935676455e+04
-1.525100455375636229e+05 9.164997864005528390e+04
-1.526981688172464492e+05 9.185197214269964024e+04
-1.527139179486928042e+05 9.194947362261358649e+04
-1.527227922479211120e+05 9.202647500234097242e+04
-1.528302910628857790e+05 9.217897301903180778e+04
-1.528716650923190173e+05 9.230047402831166983e+04
-1.528376636829709169e+05 9.244347950038081035e+04
-1.528201621268091258e+05 9.260798462097765878e+04
-1.527966605199750047e+05 9.277298995340522379e+04
-1.527554087660410441e+05 9.294499613049440086e+04
-1.528586567567636957e+05 9.321549872357491404e+04
-1.528949051804089686e+05 9.341300254055950791e+04
-1.528729030644174200e+05 9.363500922969356179e+04
-1.529117764050250407e+05 9.384901360685424879e+04
-1.529710244057009695e+05 9.412351759158447385e+04
-1.530216488190549426e+05 9.423851682338397950e+04
-1.530201460289284587e+05 9.456651869570277631e+04
-1.530935203510578722e+05 9.472401805637869984e+04
-1.531000198055729270e+05 9.479751842461759225e+04
-1.530537691652836511e+05 9.482351947462931275e+04
-1.532393953920863569e+05 9.487601633256487548e+04
-1.533158955499981530e+05 9.494601555465068668e+04
-1.533497703745783074e+05 9.500751555221574381e+04
-1.534210202609052649e+05 9.510951540365908295e+04
-1.535083949257109780e+05 9.526501583598367870e+04
-1.535871445218835725e+05 9.543101684514386579e+04
-1.536946445488299942e+05 9.558151768412347883e+04
-1.537715194111216115e+05 9.571751894491491839e+04
-1.539013941711374791e+05 9.596702200029930100e+04
-1.540270197228869656e+05 9.610752392191905528e+04
-1.542097720377952792e+05 9.607002257839962840e+04
-1.542880226677851751e+05 9.612152338927518576e+04
-1.542516470870471094e+05 9.614452397629059851e+04
-1.541041452297525248e+05 9.616852481863647699e+04
-1.540636443995555164e+05 9.622652599301375449e+04
-1.540018931850917870e+05 9.630202741057239473e+04
-1.540143920169558842e+05 9.650753108190093189e+04
-1.540803919346934417e+05 9.665553392534796149e+04
-1.542243928814980900e+05 9.680703754462022334e+04
-1.543957697033601580e+05 9.693353942655911669e+04
-1.544271449164317455e+05 9.698303996243700385e+04
-1.545417713628228521e+05 9.699554067960614339e+04
-1.546290224054827122e+05 9.700854123827815056e+04
-1.547642737188559258e+05 9.711604274653550237e+04
-1.549161500898707891e+05 9.726004083171626553e+04
-1.549555252919510240e+05 9.732803977880394086e+04
-1.551105271957529476e+05 9.735053369008563459e+04
-1.551551521307594376e+05 9.750153373091155663e+04
-1.553645295316529227e+05 9.755502656857529655e+04
-1.553842789437660249e+05 9.773802875373605639e+04
-1.554130287348828278e+05 9.786702991052158177e+04
-1.554597789136795327e+05 9.795352986111352220e+04
-1.555522796555995010e+05 9.804252868255879730e+04
-1.556716556230860297e+05 9.814552727435529232e+04
-1.558110319165888941e+05 9.822352520613558590e+04
-1.560572843693956966e+05 9.832602146513340995e+04
-1.562971625048103742e+05 9.826851376935467124e+04
-1.563827887848400278e+05 9.822151008436037228e+04
-1.565547908546574181e+05 9.821900545659381896e+04
-1.566364168203540612e+05 9.822300344796106219e+04
-1.566172911412190879e+05 9.830300680566206574e+04
-1.564811641373136081e+05 9.837551264181779698e+04
-1.564860385262030177e+05 9.850051674988819286e+04
-1.565356631218864350e+05 9.868152189200231805e+04
-1.566386636663204990e+05 9.879852415942540392e+04
-1.567879149183760164e+05 9.887602460633404553e+04
-1.569410407753166510e+05 9.902902845710422844e+04
-1.569606651176388841e+05 9.918303454950917512e+04
-1.569682898299429798e+05 9.924653711137128994e+04
-1.570281646945498651e+05 9.938054217077000067e+04
-1.570604142851734068e+05 9.950904742499394342e+04
-1.571290375712299719e+05 9.969055119662871584e+04
-1.572034091187353479e+05 9.993555460117012262e+04
-1.573061566619641380e+05 1.001275575019959360e+05
-1.575116580776600167e+05 1.002485519365407526e+05
-1.577437919858966488e+05 1.002370260567502119e+05
-1.579209225904580671e+05 1.003040080164247192e+05
-1.580575508498451672e+05 1.004389963297424838e+05
-1.581936792003971059e+05 1.005849854317270219e+05
-1.583456830988324946e+05 1.007589741417467594e+05
-1.583284299989441643e+05 1.009529813238442875e+05
-1.583091767923885491e+05 1.011419885086026043e+05
-1.582830473059699871e+05 1.014034982302333228e+05
-1.582635449361515930e+05 1.015190032287803479e+05
-1.582856674423373770e+05 1.017930085839894600e+05
-1.582559108646545792e+05 1.021890219272077084e+05
-1.582666597967653070e+05 1.023545248791715130e+05
-1.582687854108832544e+05 1.025245263036633842e+05
-1.583269138433515327e+05 1.026985232955589890e+05
-1.582806618900819449e+05 1.028380283621302806e+05
-1.582816624820741126e+05 1.030245301111345179e+05
-1.582204104021239327e+05 1.033210373565056361e+05
-1.582267863018255448e+05 1.035050385176828131e+05
-1.581862850003022468e+05 1.036920428688148968e+05
-1.582119115815972909e+05 1.038110421792846173e+05
-1.581790354973705253e+05 1.039430453813760541e+05
-1.581440346070135711e+05 1.041395490776947699e+05
-1.581654110373896547e+05 1.042770488530099392e+05
-1.582684158910923870e+05 1.043975439847102389e+05
-1.582409150135765085e+05 1.044960464269444346e+05
-1.582132890662698774e+05 1.045685485261562280e+05
-1.581649127108640969e+05 1.047750527558107860e+05
-1.581067859953700099e+05 1.049665570271159522e+05
-1.581206618742465507e+05 1.050565569792115130e+05
-1.581222871082030470e+05 1.051545555736697279e+05
-1.581416628259210847e+05 1.052410527299703099e+05
-1.582226653279691236e+05 1.053510472175027244e+05
-1.582769163612609264e+05 1.054810428390391171e+05
-1.582112892625981476e+05 1.056295418880432844e+05
-1.581999139042164898e+05 1.056795411207745783e+05
-1.582174137097378261e+05 1.058785366180520505e+05
-1.582312882419679081e+05 1.060880321871736087e+05
-1.582577875848390395e+05 1.062760283097634092e+05
-1.583060366821535863e+05 1.064185257257861085e+05
-1.583666599118692102e+05 1.065845234019965865e+05
-1.584982802287035156e+05 1.068180222037611529e+05
-1.586332741306042299e+05 1.069995236860974692e+05
-1.587215197390133981e+05 1.070915256974976510e+05
-1.587813921459905105e+05 1.071210273886700161e+05
-1.588751369872502983e+05 1.072010304433754645e+05
-1.589902549259362277e+05 1.072990349630778655e+05
-1.591684910599158611e+05 1.074865441046389751e+05
-1.592103614969034679e+05 1.075560470201685093e+05
-1.592428584328171564e+05 1.075935491716759279e+05
-1.592953550550899236e+05 1.076120519931530580e+05
-1.593497265795745188e+05 1.076285549772926606e+05
-1.593864730267499108e+05 1.076660576001261361e+05
-1.594280884088965831e+05 1.078290636002086103e+05
-1.595209118409764487e+05 1.079841009208122268e+05
-1.599310100289369002e+05 1.083582051339778118e+05
-1.600838073378053959e+05 1.085672537511358969e+05
-1.602162855357724475e+05 1.087192601745338179e+05
-1.602501456482398789e+05 1.087887677359934896e+05
-1.603002722400606144e+05 1.088202639452503063e+05
-1.604261553042809246e+05 1.088902517881733365e+05
-1.605507999250766588e+05 1.089257323876684532e+05
-1.606228093536780216e+05 1.089542223770157434e+05
-1.607205739683120046e+05 1.089887077037720010e+05
-1.607459361355729634e+05 1.090582145245764405e+05
-1.608930859794808784e+05 1.091081906623207033e+05
-1.609554677611533552e+05 1.091456829496426508e+05
-1.610873648811692838e+05 1.091991617148509249e+05
-1.611030981895196019e+05 1.092856716306270100e+05
-1.611562323815628188e+05 1.093096629454493523e+05
-1.612233711582188262e+05 1.093321505611585453e+05
-1.613208779910526937e+05 1.094266411079005338e+05
-1.613749975579830352e+05 1.095251419004923664e+05
-1.614491300757401623e+05 1.095966332741975784e+05
-1.615030129358875565e+05 1.096401255111931823e+05
-1.616495492813305464e+05 1.096910946323769167e+05
-1.616791690397321945e+05 1.097695966475964524e+05
-1.617337997936619213e+05 1.098360903132613748e+05
-1.618108196897781454e+05 1.098690736242132261e+05
-1.619323527829101076e+05 1.099170462550078519e+05
-1.619638528637755662e+05 1.099835448022666387e+05
-1.620439980906818528e+05 1.100335278752399608e+05
-1.621132623804573668e+05 1.101030154389999807e+05
-1.622025352444587043e+05 1.101699964560223743e+05
-1.623978389104433591e+05 1.103194527686689980e+05
-1.624779881772890221e+05 1.103754334346847609e+05
-1.626430436386315851e+05 1.104613899797606282e+05
-1.627458083516027546e+05 1.105043397538927384e+05
-1.628509379104371183e+05 1.105757811670135707e+05
-1.629509468797416193e+05 1.105932221240843646e+05
-1.630384466480041156e+05 1.106591510735531338e+05
-1.630874456590707414e+05 1.107006084604025818e+05
-1.631648280724163633e+05 1.107060600219685584e+05
-1.632550895432563266e+05 1.106935095125460066e+05
-1.633935982934380881e+05 1.107349126968756318e+05
-1.634567192156909732e+05 1.108103504517222755e+05
-1.635092207532232860e+05 1.108393094443678856e+05
-1.635534660685902927e+05 1.109062612054953352e+05
-1.634938309743871214e+05 1.109312893370999955e+05
-1.633781840056361398e+05 1.109953390077557415e+05
-1.633339204768756172e+05 1.110548469448662363e+05
-1.632467843704917468e+05 1.110643968566278927e+05
-1.631357745451885276e+05 1.110469698036820628e+05
-1.630570188554406632e+05 1.110265240743462928e+05
-1.629600095074784476e+05 1.110170859342417680e+05
-1.628886305114212446e+05 1.109911374034420587e+05
-1.628051205199828837e+05 1.109961864860448986e+05
-1.627132284286004724e+05 1.110412282081330195e+05
-1.626330840433483245e+05 1.110382665622211061e+05
-1.624174920710000442e+05 1.111038171713650227e+05
-1.622471668790313415e+05 1.111828496979605407e+05
-1.620769797183256596e+05 1.111684103822014295e+05
-1.619302922454826767e+05 1.112309409683085978e+05
-1.618301322161107091e+05 1.112094804735267535e+05
-1.617473495147636859e+05 1.112255035128649324e+05
-1.616768195119726006e+05 1.112615169130354188e+05
-1.615197663626038702e+05 1.112050849184556864e+05
-1.614437338613444008e+05 1.112500979233081453e+05
-1.613109315592385828e+05 1.112846330086514354e+05
-1.611446185657577589e+05 1.113031838380754925e+05
-1.610877245704409434e+05 1.112737106284759939e+05
-1.609916848079359625e+05 1.113372263874732889e+05
-1.608735152673542034e+05 1.113557614611331373e+05
-1.606921941346462118e+05 1.114507990493364632e+05
-1.605900301606645808e+05 1.114978222943707369e+05
-1.603989627414740389e+05 1.114583969633760862e+05
-1.601214871793142520e+05 1.114674893183335662e+05
-1.598566121208269615e+05 1.114070341500970535e+05
-1.596807449063160457e+05 1.114605374579373747e+05
-1.593882589492963161e+05 1.114815582389812917e+05
-1.590250261457379675e+05 1.115020858780881390e+05
-1.587586638172247913e+05 1.115101077164360322e+05
-1.584334341176599264e+05 1.114501444108220749e+05
-1.579757062560942722e+05 1.114666807581279427e+05
-1.576374735065614805e+05 1.114672091822018847e+05
-1.572938719805546571e+05 1.113792561327381991e+05
-1.568060054303708021e+05 1.114688129708133638e+05
-1.565441237986519700e+05 1.116343322171997279e+05
-1.563170008292564889e+05 1.117013559229150414e+05
-1.558705106314710574e+05 1.117764076278852299e+05
-1.554705284181149909e+05 1.117479632225213572e+05
-1.550801613615417155e+05 1.118260068729491904e+05
-1.547988071208914043e+05 1.117560336411399767e+05
-1.545447003188916715e+05 1.117615270834108815e+05
-1.542165916911743116e+05 1.118620091632860713e+05
-1.540226075703979004e+05 1.118435064764735289e+05
-1.537956287258407101e+05 1.117835072153988294e+05
-1.534912784767729463e+05 1.117485035644168966e+05
-1.532768002820526017e+05 1.116530080490820110e+05
-1.529157041351132793e+05 1.116035044159172103e+05
-1.526674673987353453e+05 1.116814907665378414e+05
-1.523021199898937484e+05 1.116609824518077075e+05
-1.520026524115910288e+05 1.114974671836970374e+05
-1.517504222624434624e+05 1.115079396492880769e+05
-1.514973136621384183e+05 1.116159022156302817e+05
-1.509472356137279421e+05 1.115548505840068683e+05
-1.505631392837670865e+05 1.116737980149211362e+05
-1.502661644490758190e+05 1.116452696798159741e+05
-1.498301996400873177e+05 1.117392139930836856e+05
-1.493203902600227157e+05 1.119100822202409618e+05
-1.490195573168656556e+05 1.119535038592955098e+05
-1.485627456462247064e+05 1.120208872206164524e+05
-1.483201570144646103e+05 1.119068315839972347e+05
-1.480759430814154912e+05 1.118407716731592081e+05
-1.477752364536972018e+05 1.118181952461153269e+05
-1.475147717633923749e+05 1.118861290155136958e+05
-1.472185609485750319e+05 1.119815561885400675e+05
-1.472110593870904995e+05 1.120685562162986025e+05
-1.471813129429223482e+05 1.120885494387545623e+05
-1.471430669375720900e+05 1.121080419107214548e+05
-1.470943174600960920e+05 1.121060404237415642e+05
-1.470410719003898557e+05 1.119765354528459720e+05
-1.470013264041969087e+05 1.118350305489366874e+05
-1.465930755795279983e+05 1.119730220858762041e+05
-1.467031922415611334e+05 1.122605328911845572e+05
-1.468754357650901657e+05 1.124205421652141958e+05
-1.468318071801395854e+05 1.125720448418343440e+05
-1.464961863187645795e+05 1.126150360253453255e+05
-1.461370669478423661e+05 1.126185254893405363e+05
-1.459650664940007264e+05 1.128070253250421956e+05
-1.458384402155944845e+05 1.130425277347546071e+05
-1.457554408388307784e+05 1.131225273555116728e+05
-1.455323194630823564e+05 1.132335236470177770e+05
-1.455340709114790661e+05 1.131045203355979174e+05
-1.452768264568741433e+05 1.131095128590487875e+05
-1.453331996703355107e+05 1.131700161025640555e+05
-1.452973253787453286e+05 1.131825153720881790e+05
-1.452240756214142311e+05 1.133690180637445301e+05
-1.452290733631200856e+05 1.135055191323729232e+05
-1.452494430742625846e+05 1.136565149649283849e+05
-1.452793145208891947e+05 1.137425129530495033e+05
-1.453335596626026090e+05 1.138450108953551389e+05
-1.453818043159837835e+05 1.139660078548621386e+05
-1.454880496050834190e+05 1.140100084172333591e+05
-1.455502975300969556e+05 1.140150094245569780e+05
-1.455897937283624196e+05 1.140900073646670207e+05
-1.456576649123663083e+05 1.141380067263939418e+05
-1.455625399268072797e+05 1.142265018347273581e+05
-1.453017940903860144e+05 1.143639933954994194e+05
-1.450636693560053827e+05 1.146244830324300565e+05
-1.447872997609240701e+05 1.147894769856948406e+05
-1.444654271836725529e+05 1.150029723641565070e+05
-1.443639213494862197e+05 1.152589689151453786e+05
-1.440282948995283805e+05 1.154099704709481448e+05
-1.437090433002983918e+05 1.156559729861705564e+05
-1.433832935931998072e+05 1.159319781450512819e+05
-1.433959178315162426e+05 1.159919779111184180e+05
-1.433905426584715024e+05 1.160179780521434732e+05
-1.433051679656683700e+05 1.161204800343890674e+05
-1.432334188774954528e+05 1.161469817675575614e+05
-1.430357965556215495e+05 1.162274868857325055e+05
-1.429616693571178475e+05 1.163509780364958569e+05
-1.428216679839905119e+05 1.164784701075828634e+05
-1.425942939660272095e+05 1.165844680513921194e+05
-1.423915435134031577e+05 1.167319629734577611e+05
-1.422831667522733333e+05 1.168679563563670963e+05
-1.421772901413106592e+05 1.170009506565933116e+05
-1.420901638317799661e+05 1.171134463042775169e+05
-1.420557879200489260e+05 1.171724436603793874e+05
-1.419384109145799885e+05 1.173204380536195822e+05
-1.419417815033580409e+05 1.174859263608031906e+05
-1.419706550512854010e+05 1.175229225772325881e+05
-1.418667824185984209e+05 1.174929288887730800e+05
-1.418214066945196828e+05 1.175484269840265624e+05
-1.417414058954471257e+05 1.176294250421412289e+05
-1.417134037961157737e+05 1.177309196991622448e+05
-1.416705279192086309e+05 1.177954175674291328e+05
-1.416521508408453083e+05 1.178934122902783565e+05
-1.416528976909767371e+05 1.180214042028682306e+05
-1.415746478016424226e+05 1.180769049577489495e+05
-1.413724008264666190e+05 1.181114139518169686e+05
-1.411147757759036031e+05 1.183489162325337529e+05
-1.410345241975924000e+05 1.185084134442443028e+05
-1.412503919294711668e+05 1.186258932998371311e+05
-1.412145132949461695e+05 1.188318849621796981e+05
-1.411360143770136638e+05 1.188688887871615589e+05
-1.410687600580906728e+05 1.191528674734476954e+05
-1.410991326592004625e+05 1.192278543373909779e+05
-1.411176315754029201e+05 1.192573485546754673e+05
-1.411540042271849234e+05 1.193233359149345197e+05
-1.411137527959138388e+05 1.194378231854131445e+05
-1.411050058894415852e+05 1.193043429814754054e+05
-1.410415059872063575e+05 1.193738388271112926e+05
-1.409438811208094703e+05 1.194808331209765747e+05
-1.409846282189794583e+05 1.195678173256386071e+05
-1.410247507088511484e+05 1.196388035385869443e+05
-1.410458714110628935e+05 1.198132770413355902e+05
-1.410119938258575276e+05 1.199727585982806049e+05
-1.408677469140754547e+05 1.199972716039447114e+05
-1.406264956369231222e+05 1.203382567641944624e+05
-1.403961215936236549e+05 1.205632599100517109e+05
-1.401619980488960864e+05 1.207697693916275166e+05
-1.398606227438739734e+05 1.211357774315602146e+05
-1.395736251792008989e+05 1.213578033440727741e+05
-1.393606228080113651e+05 1.216438098442773335e+05
-1.391063705681930296e+05 1.218288164117080159e+05
-1.387662438614008715e+05 1.220448059814255685e+05
-1.386153653890852584e+05 1.223017711752192117e+05
-1.386126105207386427e+05 1.225782158795073628e+05
-1.384968579749045894e+05 1.227836918099191971e+05
-1.381423604293265380e+05 1.228332358761439100e+05
-1.379067351381236222e+05 1.229927450393415056e+05
-1.378191088187592104e+05 1.231327363799526356e+05
-1.377841067500865320e+05 1.232932165425862186e+05
-1.375082311049296986e+05 1.235402284366688691e+05
-1.371616079735771054e+05 1.236942730768285692e+05
-1.369293579507487593e+05 1.239112925954321399e+05
-1.368214832867548103e+05 1.239797987905782647e+05
-1.367717322746340651e+05 1.240967876925347373e+05
-1.365526075772730401e+05 1.242412821516040713e+05
-1.362584827515012585e+05 1.244717745651281439e+05
-1.360448564453368308e+05 1.247077233544788323e+05
-1.359169823306468315e+05 1.247307221571877599e+05
-1.358826098528642906e+05 1.246082763407453895e+05
-1.358843610992641188e+05 1.245047927542231046e+05
-1.356264887034109561e+05 1.245053073751712218e+05
-1.354362382273003459e+05 1.246752771871369332e+05
-1.354318602459655376e+05 1.248467082115192898e+05
-1.355446075482084416e+05 1.249341642474378459e+05
-1.355073565126012545e+05 1.250136347371311858e+05
-1.354161085558908526e+05 1.249506674335743301e+05
-1.351283616161242826e+05 1.249456915412074886e+05
-1.350142379065259593e+05 1.249377033690214157e+05
-1.349652392321210355e+05 1.248922245928216726e+05
